/*--------------------------------*- C++ -*----------------------------------*\
| =========                 |                                                 |
| \\      /  F ield         | OpenFOAM: The Open Source CFD Toolbox           |
|  \\    /   O peration     | Version:  v2012                                 |
|   \\  /    A nd           | Website:  www.openfoam.com                      |
|    \\/     M anipulation  |                                                 |
\*---------------------------------------------------------------------------*/
FoamFile
{
    version     2.0;
    format      ascii;
    class       pointVectorField;
    location    "0/beamthree";
    object      pointW;
}
// * * * * * * * * * * * * * * * * * * * * * * * * * * * * * * * * * * * * * //

dimensions      [0 1 0 0 0 0 0];


internalField   nonuniform List<vector> 
1952
(
(-1.3844 0.422913 -0.499898)
(-1.38451 0.422929 -0.499917)
(-1.38464 0.422948 -0.499939)
(-1.38478 0.422969 -0.499963)
(-1.38494 0.422991 -0.499989)
(-1.38509 0.423013 -0.500015)
(-1.38524 0.423035 -0.500041)
(-1.38538 0.423055 -0.500065)
(-1.3855 0.423073 -0.500087)
(-1.38561 0.423089 -0.500105)
(-1.38569 0.423101 -0.500119)
(-1.38575 0.423109 -0.500129)
(-1.38578 0.423113 -0.500133)
(-1.38578 0.423113 -0.500133)
(-1.38574 0.423108 -0.500128)
(-1.38568 0.423099 -0.500117)
(-1.3856 0.423087 -0.500102)
(-1.38549 0.423071 -0.500083)
(-1.38536 0.423052 -0.500061)
(-1.38522 0.423031 -0.500037)
(-1.38506 0.423009 -0.500011)
(-1.38491 0.422987 -0.499985)
(-1.38476 0.422965 -0.499959)
(-1.38462 0.422945 -0.499935)
(-1.3845 0.422927 -0.499913)
(-1.38439 0.422911 -0.499895)
(-1.38431 0.422899 -0.499881)
(-1.38425 0.422891 -0.499871)
(-1.38422 0.422887 -0.499867)
(-1.38422 0.422887 -0.499867)
(-1.38426 0.422892 -0.499872)
(-1.38432 0.422901 -0.499883)
(-1.38696 0.415551 -0.491195)
(-1.38707 0.415567 -0.491214)
(-1.3872 0.415585 -0.491236)
(-1.38734 0.415606 -0.49126)
(-1.38749 0.415628 -0.491286)
(-1.38765 0.41565 -0.491312)
(-1.3878 0.415672 -0.491338)
(-1.38794 0.415692 -0.491362)
(-1.38806 0.41571 -0.491384)
(-1.38817 0.415726 -0.491402)
(-1.38825 0.415738 -0.491416)
(-1.38831 0.415746 -0.491426)
(-1.38834 0.41575 -0.49143)
(-1.38834 0.41575 -0.49143)
(-1.3883 0.415745 -0.491425)
(-1.38824 0.415736 -0.491414)
(-1.38816 0.415724 -0.491399)
(-1.38805 0.415708 -0.49138)
(-1.38792 0.415689 -0.491358)
(-1.38778 0.415669 -0.491334)
(-1.38762 0.415647 -0.491308)
(-1.38747 0.415624 -0.491282)
(-1.38732 0.415603 -0.491256)
(-1.38718 0.415582 -0.491232)
(-1.38705 0.415564 -0.49121)
(-1.38695 0.415549 -0.491192)
(-1.38686 0.415537 -0.491178)
(-1.38681 0.415528 -0.491168)
(-1.38678 0.415524 -0.491164)
(-1.38678 0.415525 -0.491164)
(-1.38682 0.415529 -0.491169)
(-1.38688 0.415538 -0.49118)
(-1.38952 0.408188 -0.482492)
(-1.38963 0.408204 -0.482511)
(-1.38976 0.408223 -0.482533)
(-1.3899 0.408243 -0.482557)
(-1.39005 0.408265 -0.482583)
(-1.39021 0.408287 -0.482609)
(-1.39036 0.408309 -0.482635)
(-1.3905 0.408329 -0.482659)
(-1.39062 0.408348 -0.482681)
(-1.39073 0.408363 -0.482699)
(-1.39081 0.408375 -0.482713)
(-1.39087 0.408383 -0.482723)
(-1.3909 0.408387 -0.482728)
(-1.3909 0.408387 -0.482727)
(-1.39086 0.408383 -0.482722)
(-1.3908 0.408374 -0.482711)
(-1.39072 0.408361 -0.482696)
(-1.39061 0.408345 -0.482677)
(-1.39048 0.408326 -0.482655)
(-1.39033 0.408306 -0.482631)
(-1.39018 0.408284 -0.482605)
(-1.39003 0.408262 -0.482579)
(-1.38988 0.40824 -0.482553)
(-1.38974 0.40822 -0.482529)
(-1.38961 0.408201 -0.482508)
(-1.38951 0.408186 -0.482489)
(-1.38942 0.408174 -0.482475)
(-1.38937 0.408166 -0.482465)
(-1.38934 0.408162 -0.482461)
(-1.38934 0.408162 -0.482461)
(-1.38937 0.408167 -0.482466)
(-1.38944 0.408175 -0.482477)
(-1.39208 0.400825 -0.473789)
(-1.39219 0.400841 -0.473808)
(-1.39232 0.40086 -0.47383)
(-1.39246 0.400881 -0.473854)
(-1.39261 0.400902 -0.47388)
(-1.39277 0.400925 -0.473906)
(-1.39292 0.400946 -0.473932)
(-1.39306 0.400967 -0.473956)
(-1.39318 0.400985 -0.473978)
(-1.39329 0.401 -0.473996)
(-1.39337 0.401013 -0.47401)
(-1.39343 0.401021 -0.47402)
(-1.39346 0.401025 -0.474025)
(-1.39345 0.401024 -0.474024)
(-1.39342 0.40102 -0.474019)
(-1.39336 0.401011 -0.474008)
(-1.39327 0.400998 -0.473993)
(-1.39316 0.400982 -0.473974)
(-1.39304 0.400964 -0.473952)
(-1.39289 0.400943 -0.473928)
(-1.39274 0.400921 -0.473902)
(-1.39259 0.400899 -0.473876)
(-1.39244 0.400877 -0.47385)
(-1.3923 0.400857 -0.473826)
(-1.39217 0.400839 -0.473805)
(-1.39207 0.400823 -0.473786)
(-1.39198 0.400811 -0.473772)
(-1.39193 0.400803 -0.473762)
(-1.3919 0.400799 -0.473758)
(-1.3919 0.400799 -0.473758)
(-1.39193 0.400804 -0.473763)
(-1.39199 0.400813 -0.473774)
(-1.39464 0.393463 -0.465086)
(-1.39475 0.393478 -0.465105)
(-1.39488 0.393497 -0.465127)
(-1.39502 0.393518 -0.465151)
(-1.39517 0.39354 -0.465177)
(-1.39533 0.393562 -0.465203)
(-1.39548 0.393584 -0.465229)
(-1.39562 0.393604 -0.465253)
(-1.39574 0.393622 -0.465274)
(-1.39585 0.393638 -0.465293)
(-1.39593 0.39365 -0.465307)
(-1.39599 0.393658 -0.465317)
(-1.39602 0.393662 -0.465321)
(-1.39601 0.393662 -0.465321)
(-1.39598 0.393657 -0.465316)
(-1.39592 0.393648 -0.465305)
(-1.39583 0.393636 -0.46529)
(-1.39572 0.39362 -0.465271)
(-1.3956 0.393601 -0.465249)
(-1.39545 0.39358 -0.465225)
(-1.3953 0.393558 -0.465199)
(-1.39515 0.393536 -0.465173)
(-1.395 0.393515 -0.465147)
(-1.39486 0.393494 -0.465123)
(-1.39473 0.393476 -0.465101)
(-1.39463 0.39346 -0.465083)
(-1.39454 0.393448 -0.465069)
(-1.39449 0.39344 -0.465059)
(-1.39446 0.393436 -0.465054)
(-1.39446 0.393436 -0.465055)
(-1.39449 0.393441 -0.46506)
(-1.39455 0.39345 -0.465071)
(-1.3972 0.3861 -0.456383)
(-1.39731 0.386116 -0.456402)
(-1.39744 0.386135 -0.456424)
(-1.39758 0.386155 -0.456448)
(-1.39773 0.386177 -0.456474)
(-1.39789 0.386199 -0.4565)
(-1.39804 0.386221 -0.456526)
(-1.39818 0.386241 -0.45655)
(-1.3983 0.38626 -0.456572)
(-1.39841 0.386275 -0.45659)
(-1.39849 0.386287 -0.456604)
(-1.39855 0.386295 -0.456614)
(-1.39858 0.386299 -0.456619)
(-1.39857 0.386299 -0.456618)
(-1.39854 0.386294 -0.456613)
(-1.39848 0.386286 -0.456602)
(-1.39839 0.386273 -0.456587)
(-1.39828 0.386257 -0.456569)
(-1.39816 0.386238 -0.456547)
(-1.39801 0.386218 -0.456522)
(-1.39786 0.386196 -0.456496)
(-1.39771 0.386174 -0.45647)
(-1.39756 0.386152 -0.456444)
(-1.39742 0.386132 -0.45642)
(-1.39729 0.386113 -0.456399)
(-1.39719 0.386098 -0.45638)
(-1.3971 0.386086 -0.456366)
(-1.39705 0.386078 -0.456356)
(-1.39702 0.386074 -0.456352)
(-1.39702 0.386074 -0.456352)
(-1.39705 0.386079 -0.456358)
(-1.39711 0.386087 -0.456368)
(-1.39976 0.378737 -0.44768)
(-1.39987 0.378753 -0.447699)
(-1.4 0.378772 -0.447721)
(-1.40014 0.378792 -0.447745)
(-1.40029 0.378814 -0.447771)
(-1.40044 0.378836 -0.447797)
(-1.40059 0.378858 -0.447823)
(-1.40074 0.378879 -0.447847)
(-1.40086 0.378897 -0.447869)
(-1.40097 0.378912 -0.447887)
(-1.40105 0.378924 -0.447901)
(-1.40111 0.378933 -0.447911)
(-1.40114 0.378937 -0.447916)
(-1.40113 0.378936 -0.447915)
(-1.4011 0.378932 -0.44791)
(-1.40104 0.378923 -0.447899)
(-1.40095 0.37891 -0.447884)
(-1.40084 0.378894 -0.447866)
(-1.40071 0.378876 -0.447843)
(-1.40057 0.378855 -0.447819)
(-1.40042 0.378833 -0.447793)
(-1.40027 0.378811 -0.447767)
(-1.40012 0.378789 -0.447741)
(-1.39998 0.378769 -0.447717)
(-1.39985 0.37875 -0.447696)
(-1.39975 0.378735 -0.447677)
(-1.39966 0.378723 -0.447663)
(-1.39961 0.378715 -0.447653)
(-1.39958 0.378711 -0.447649)
(-1.39958 0.378711 -0.447649)
(-1.39961 0.378716 -0.447655)
(-1.39967 0.378725 -0.447665)
(-1.40232 0.371374 -0.438977)
(-1.40243 0.37139 -0.438996)
(-1.40256 0.371409 -0.439018)
(-1.4027 0.37143 -0.439042)
(-1.40285 0.371451 -0.439068)
(-1.403 0.371474 -0.439094)
(-1.40315 0.371495 -0.43912)
(-1.40329 0.371516 -0.439144)
(-1.40342 0.371534 -0.439166)
(-1.40353 0.37155 -0.439184)
(-1.40361 0.371562 -0.439198)
(-1.40367 0.37157 -0.439208)
(-1.40369 0.371574 -0.439213)
(-1.40369 0.371573 -0.439212)
(-1.40366 0.371569 -0.439207)
(-1.4036 0.37156 -0.439196)
(-1.40351 0.371547 -0.439181)
(-1.4034 0.371531 -0.439162)
(-1.40327 0.371513 -0.43914)
(-1.40313 0.371492 -0.439116)
(-1.40298 0.37147 -0.43909)
(-1.40283 0.371448 -0.439064)
(-1.40268 0.371426 -0.439038)
(-1.40254 0.371406 -0.439014)
(-1.40241 0.371388 -0.438993)
(-1.4023 0.371372 -0.438974)
(-1.40222 0.37136 -0.43896)
(-1.40216 0.371352 -0.43895)
(-1.40214 0.371348 -0.438946)
(-1.40214 0.371348 -0.438946)
(-1.40217 0.371353 -0.438951)
(-1.40223 0.371362 -0.438962)
(-1.40488 0.364012 -0.430274)
(-1.40499 0.364028 -0.430293)
(-1.40512 0.364046 -0.430315)
(-1.40526 0.364067 -0.430339)
(-1.40541 0.364089 -0.430365)
(-1.40556 0.364111 -0.430391)
(-1.40571 0.364133 -0.430417)
(-1.40585 0.364153 -0.430441)
(-1.40598 0.364172 -0.430463)
(-1.40609 0.364187 -0.430481)
(-1.40617 0.364199 -0.430495)
(-1.40623 0.364207 -0.430505)
(-1.40625 0.364211 -0.43051)
(-1.40625 0.364211 -0.430509)
(-1.40622 0.364206 -0.430504)
(-1.40616 0.364197 -0.430493)
(-1.40607 0.364185 -0.430479)
(-1.40596 0.364169 -0.43046)
(-1.40583 0.36415 -0.430438)
(-1.40569 0.36413 -0.430413)
(-1.40554 0.364108 -0.430387)
(-1.40539 0.364086 -0.430361)
(-1.40524 0.364064 -0.430335)
(-1.4051 0.364043 -0.430311)
(-1.40497 0.364025 -0.43029)
(-1.40486 0.36401 -0.430271)
(-1.40478 0.363998 -0.430257)
(-1.40472 0.363989 -0.430248)
(-1.4047 0.363985 -0.430243)
(-1.4047 0.363986 -0.430243)
(-1.40473 0.36399 -0.430249)
(-1.40479 0.363999 -0.430259)
(-1.40744 0.356649 -0.421571)
(-1.40755 0.356665 -0.42159)
(-1.40768 0.356684 -0.421612)
(-1.40782 0.356704 -0.421636)
(-1.40797 0.356726 -0.421662)
(-1.40812 0.356748 -0.421688)
(-1.40827 0.35677 -0.421714)
(-1.40841 0.35679 -0.421738)
(-1.40854 0.356809 -0.42176)
(-1.40865 0.356824 -0.421778)
(-1.40873 0.356836 -0.421792)
(-1.40879 0.356844 -0.421802)
(-1.40881 0.356848 -0.421807)
(-1.40881 0.356848 -0.421806)
(-1.40878 0.356843 -0.421801)
(-1.40872 0.356835 -0.42179)
(-1.40863 0.356822 -0.421775)
(-1.40852 0.356806 -0.421757)
(-1.40839 0.356787 -0.421735)
(-1.40825 0.356767 -0.42171)
(-1.4081 0.356745 -0.421684)
(-1.40795 0.356723 -0.421658)
(-1.4078 0.356701 -0.421632)
(-1.40766 0.356681 -0.421608)
(-1.40753 0.356662 -0.421587)
(-1.40742 0.356647 -0.421568)
(-1.40734 0.356635 -0.421554)
(-1.40728 0.356627 -0.421544)
(-1.40726 0.356623 -0.42154)
(-1.40726 0.356623 -0.42154)
(-1.40729 0.356628 -0.421546)
(-1.40735 0.356636 -0.421556)
(-1.41 0.349286 -0.412868)
(-1.41011 0.349302 -0.412887)
(-1.41024 0.349321 -0.412909)
(-1.41038 0.349341 -0.412933)
(-1.41053 0.349363 -0.412959)
(-1.41068 0.349385 -0.412985)
(-1.41083 0.349407 -0.413011)
(-1.41097 0.349428 -0.413035)
(-1.4111 0.349446 -0.413057)
(-1.41121 0.349461 -0.413075)
(-1.41129 0.349473 -0.413089)
(-1.41135 0.349482 -0.413099)
(-1.41137 0.349486 -0.413104)
(-1.41137 0.349485 -0.413103)
(-1.41134 0.349481 -0.413098)
(-1.41128 0.349472 -0.413087)
(-1.41119 0.349459 -0.413072)
(-1.41108 0.349443 -0.413054)
(-1.41095 0.349425 -0.413031)
(-1.41081 0.349404 -0.413007)
(-1.41066 0.349382 -0.412981)
(-1.41051 0.34936 -0.412955)
(-1.41036 0.349338 -0.412929)
(-1.41022 0.349318 -0.412905)
(-1.41009 0.3493 -0.412884)
(-1.40998 0.349284 -0.412865)
(-1.4099 0.349272 -0.412851)
(-1.40984 0.349264 -0.412841)
(-1.40982 0.34926 -0.412837)
(-1.40982 0.34926 -0.412837)
(-1.40985 0.349265 -0.412843)
(-1.40991 0.349274 -0.412853)
(-1.41256 0.341924 -0.404165)
(-1.41267 0.34194 -0.404184)
(-1.4128 0.341958 -0.404206)
(-1.41294 0.341979 -0.40423)
(-1.41309 0.342001 -0.404256)
(-1.41324 0.342023 -0.404282)
(-1.41339 0.342045 -0.404308)
(-1.41353 0.342065 -0.404332)
(-1.41366 0.342083 -0.404354)
(-1.41376 0.342099 -0.404372)
(-1.41385 0.342111 -0.404386)
(-1.4139 0.342119 -0.404396)
(-1.41393 0.342123 -0.404401)
(-1.41393 0.342123 -0.4044)
(-1.4139 0.342118 -0.404395)
(-1.41384 0.342109 -0.404385)
(-1.41375 0.342097 -0.40437)
(-1.41364 0.342081 -0.404351)
(-1.41351 0.342062 -0.404329)
(-1.41337 0.342041 -0.404304)
(-1.41322 0.34202 -0.404278)
(-1.41307 0.341997 -0.404252)
(-1.41292 0.341976 -0.404227)
(-1.41277 0.341955 -0.404202)
(-1.41265 0.341937 -0.404181)
(-1.41254 0.341922 -0.404163)
(-1.41246 0.341909 -0.404148)
(-1.4124 0.341901 -0.404139)
(-1.41237 0.341897 -0.404134)
(-1.41238 0.341898 -0.404134)
(-1.41241 0.341902 -0.40414)
(-1.41247 0.341911 -0.40415)
(-1.41512 0.334561 -0.395462)
(-1.41523 0.334577 -0.395481)
(-1.41535 0.334595 -0.395503)
(-1.4155 0.334616 -0.395527)
(-1.41565 0.334638 -0.395553)
(-1.4158 0.33466 -0.395579)
(-1.41595 0.334682 -0.395605)
(-1.41609 0.334702 -0.395629)
(-1.41622 0.334721 -0.395651)
(-1.41632 0.334736 -0.395669)
(-1.41641 0.334748 -0.395683)
(-1.41646 0.334756 -0.395693)
(-1.41649 0.33476 -0.395698)
(-1.41649 0.33476 -0.395697)
(-1.41646 0.334755 -0.395692)
(-1.4164 0.334746 -0.395681)
(-1.41631 0.334734 -0.395667)
(-1.4162 0.334718 -0.395648)
(-1.41607 0.334699 -0.395626)
(-1.41593 0.334679 -0.395601)
(-1.41578 0.334657 -0.395575)
(-1.41562 0.334635 -0.395549)
(-1.41547 0.334613 -0.395523)
(-1.41533 0.334592 -0.395499)
(-1.41521 0.334574 -0.395478)
(-1.4151 0.334559 -0.395459)
(-1.41502 0.334547 -0.395445)
(-1.41496 0.334538 -0.395436)
(-1.41493 0.334534 -0.395431)
(-1.41494 0.334535 -0.395431)
(-1.41497 0.334539 -0.395437)
(-1.41503 0.334548 -0.395447)
(-1.41768 0.327198 -0.386759)
(-1.41779 0.327214 -0.386778)
(-1.41791 0.327233 -0.3868)
(-1.41806 0.327253 -0.386824)
(-1.41821 0.327275 -0.38685)
(-1.41836 0.327297 -0.386876)
(-1.41851 0.327319 -0.386902)
(-1.41865 0.327339 -0.386926)
(-1.41878 0.327358 -0.386948)
(-1.41888 0.327373 -0.386966)
(-1.41897 0.327385 -0.38698)
(-1.41902 0.327393 -0.38699)
(-1.41905 0.327397 -0.386995)
(-1.41905 0.327397 -0.386994)
(-1.41902 0.327392 -0.386989)
(-1.41896 0.327384 -0.386978)
(-1.41887 0.327371 -0.386963)
(-1.41876 0.327355 -0.386945)
(-1.41863 0.327336 -0.386923)
(-1.41849 0.327316 -0.386898)
(-1.41834 0.327294 -0.386872)
(-1.41818 0.327272 -0.386846)
(-1.41803 0.32725 -0.38682)
(-1.41789 0.32723 -0.386796)
(-1.41777 0.327211 -0.386775)
(-1.41766 0.327196 -0.386756)
(-1.41758 0.327184 -0.386742)
(-1.41752 0.327176 -0.386732)
(-1.41749 0.327172 -0.386728)
(-1.4175 0.327172 -0.386728)
(-1.41753 0.327177 -0.386734)
(-1.41759 0.327185 -0.386744)
(-1.42024 0.319835 -0.378056)
(-1.42035 0.319851 -0.378075)
(-1.42047 0.31987 -0.378097)
(-1.42062 0.319891 -0.378121)
(-1.42077 0.319913 -0.378147)
(-1.42092 0.319935 -0.378174)
(-1.42107 0.319957 -0.378199)
(-1.42121 0.319977 -0.378223)
(-1.42134 0.319995 -0.378245)
(-1.42144 0.320011 -0.378263)
(-1.42153 0.320023 -0.378277)
(-1.42158 0.320031 -0.378287)
(-1.42161 0.320035 -0.378292)
(-1.42161 0.320035 -0.378291)
(-1.42158 0.32003 -0.378286)
(-1.42152 0.320021 -0.378276)
(-1.42143 0.320009 -0.378261)
(-1.42132 0.319993 -0.378242)
(-1.42119 0.319974 -0.37822)
(-1.42105 0.319953 -0.378195)
(-1.4209 0.319931 -0.37817)
(-1.42074 0.319909 -0.378143)
(-1.42059 0.319887 -0.378118)
(-1.42045 0.319867 -0.378094)
(-1.42033 0.319849 -0.378072)
(-1.42022 0.319833 -0.378054)
(-1.42014 0.319821 -0.378039)
(-1.42008 0.319813 -0.37803)
(-1.42005 0.319809 -0.378025)
(-1.42006 0.319809 -0.378025)
(-1.42009 0.319814 -0.378031)
(-1.42015 0.319823 -0.378041)
(-1.42279 0.312473 -0.369353)
(-1.4229 0.312489 -0.369372)
(-1.42303 0.312507 -0.369394)
(-1.42318 0.312528 -0.369418)
(-1.42333 0.31255 -0.369444)
(-1.42348 0.312572 -0.36947)
(-1.42363 0.312594 -0.369496)
(-1.42377 0.312614 -0.36952)
(-1.4239 0.312632 -0.369542)
(-1.424 0.312648 -0.36956)
(-1.42409 0.31266 -0.369574)
(-1.42414 0.312668 -0.369584)
(-1.42417 0.312672 -0.369589)
(-1.42417 0.312672 -0.369588)
(-1.42414 0.312667 -0.369583)
(-1.42407 0.312658 -0.369572)
(-1.42399 0.312646 -0.369558)
(-1.42388 0.31263 -0.369539)
(-1.42375 0.312611 -0.369517)
(-1.42361 0.31259 -0.369492)
(-1.42346 0.312569 -0.369466)
(-1.4233 0.312546 -0.36944)
(-1.42315 0.312525 -0.369415)
(-1.42301 0.312504 -0.36939)
(-1.42289 0.312486 -0.369369)
(-1.42278 0.312471 -0.369351)
(-1.4227 0.312458 -0.369336)
(-1.42264 0.31245 -0.369327)
(-1.42261 0.312446 -0.369322)
(-1.42261 0.312447 -0.369322)
(-1.42265 0.312451 -0.369328)
(-1.42271 0.31246 -0.369338)
(-1.42535 0.30511 -0.36065)
(-1.42546 0.305126 -0.360669)
(-1.42559 0.305144 -0.360691)
(-1.42574 0.305165 -0.360715)
(-1.42589 0.305187 -0.360741)
(-1.42604 0.305209 -0.360767)
(-1.42619 0.305231 -0.360793)
(-1.42633 0.305251 -0.360817)
(-1.42646 0.30527 -0.360839)
(-1.42656 0.305285 -0.360857)
(-1.42665 0.305297 -0.360871)
(-1.4267 0.305305 -0.360881)
(-1.42673 0.305309 -0.360886)
(-1.42673 0.305309 -0.360885)
(-1.42669 0.305304 -0.36088)
(-1.42663 0.305296 -0.360869)
(-1.42655 0.305283 -0.360854)
(-1.42644 0.305267 -0.360836)
(-1.42631 0.305248 -0.360814)
(-1.42617 0.305228 -0.360789)
(-1.42602 0.305206 -0.360763)
(-1.42586 0.305184 -0.360737)
(-1.42571 0.305162 -0.360711)
(-1.42557 0.305141 -0.360687)
(-1.42545 0.305123 -0.360666)
(-1.42534 0.305108 -0.360647)
(-1.42526 0.305096 -0.360633)
(-1.4252 0.305087 -0.360623)
(-1.42517 0.305083 -0.360619)
(-1.42517 0.305084 -0.360619)
(-1.42521 0.305088 -0.360625)
(-1.42527 0.305097 -0.360635)
(-1.42791 0.297747 -0.351947)
(-1.42802 0.297763 -0.351966)
(-1.42815 0.297782 -0.351988)
(-1.42829 0.297803 -0.352013)
(-1.42845 0.297824 -0.352038)
(-1.4286 0.297847 -0.352065)
(-1.42875 0.297868 -0.35209)
(-1.42889 0.297889 -0.352114)
(-1.42901 0.297907 -0.352136)
(-1.42912 0.297923 -0.352154)
(-1.4292 0.297935 -0.352169)
(-1.42926 0.297943 -0.352178)
(-1.42929 0.297947 -0.352183)
(-1.42929 0.297946 -0.352183)
(-1.42925 0.297942 -0.352177)
(-1.42919 0.297933 -0.352167)
(-1.42911 0.29792 -0.352152)
(-1.429 0.297904 -0.352133)
(-1.42887 0.297886 -0.352111)
(-1.42873 0.297865 -0.352086)
(-1.42857 0.297843 -0.352061)
(-1.42842 0.297821 -0.352034)
(-1.42827 0.297799 -0.352009)
(-1.42813 0.297779 -0.351985)
(-1.42801 0.297761 -0.351963)
(-1.4279 0.297745 -0.351945)
(-1.42782 0.297733 -0.35193)
(-1.42776 0.297725 -0.351921)
(-1.42773 0.297721 -0.351916)
(-1.42773 0.297721 -0.351916)
(-1.42777 0.297726 -0.351922)
(-1.42783 0.297735 -0.351932)
(-1.43047 0.290385 -0.343244)
(-1.43058 0.2904 -0.343263)
(-1.43071 0.290419 -0.343285)
(-1.43085 0.29044 -0.343309)
(-1.431 0.290462 -0.343335)
(-1.43116 0.290484 -0.343361)
(-1.43131 0.290506 -0.343387)
(-1.43145 0.290526 -0.343411)
(-1.43157 0.290544 -0.343433)
(-1.43168 0.29056 -0.343451)
(-1.43176 0.290572 -0.343465)
(-1.43182 0.29058 -0.343475)
(-1.43185 0.290584 -0.34348)
(-1.43185 0.290584 -0.343479)
(-1.43181 0.290579 -0.343474)
(-1.43175 0.29057 -0.343464)
(-1.43167 0.290558 -0.343449)
(-1.43156 0.290542 -0.34343)
(-1.43143 0.290523 -0.343408)
(-1.43129 0.290502 -0.343383)
(-1.43113 0.29048 -0.343358)
(-1.43098 0.290458 -0.343331)
(-1.43083 0.290437 -0.343306)
(-1.43069 0.290416 -0.343281)
(-1.43056 0.290398 -0.34326)
(-1.43046 0.290382 -0.343242)
(-1.43037 0.29037 -0.343227)
(-1.43032 0.290362 -0.343218)
(-1.43029 0.290358 -0.343213)
(-1.43029 0.290358 -0.343213)
(-1.43033 0.290363 -0.343219)
(-1.43039 0.290372 -0.343229)
(-1.43303 0.283022 -0.334541)
(-1.43314 0.283038 -0.33456)
(-1.43327 0.283056 -0.334582)
(-1.43341 0.283077 -0.334606)
(-1.43356 0.283099 -0.334632)
(-1.43372 0.283121 -0.334658)
(-1.43387 0.283143 -0.334684)
(-1.43401 0.283163 -0.334708)
(-1.43413 0.283181 -0.33473)
(-1.43424 0.283197 -0.334748)
(-1.43432 0.283209 -0.334762)
(-1.43438 0.283217 -0.334772)
(-1.43441 0.283221 -0.334777)
(-1.43441 0.283221 -0.334776)
(-1.43437 0.283216 -0.334771)
(-1.43431 0.283207 -0.33476)
(-1.43423 0.283195 -0.334746)
(-1.43412 0.283179 -0.334727)
(-1.43399 0.28316 -0.334705)
(-1.43384 0.283139 -0.33468)
(-1.43369 0.283118 -0.334654)
(-1.43354 0.283095 -0.334628)
(-1.43339 0.283074 -0.334602)
(-1.43325 0.283053 -0.334578)
(-1.43312 0.283035 -0.334557)
(-1.43302 0.28302 -0.334538)
(-1.43293 0.283007 -0.334524)
(-1.43288 0.282999 -0.334515)
(-1.43285 0.282995 -0.33451)
(-1.43285 0.282996 -0.33451)
(-1.43288 0.283 -0.334516)
(-1.43295 0.283009 -0.334526)
(-1.43559 0.275659 -0.325838)
(-1.4357 0.275675 -0.325857)
(-1.43583 0.275694 -0.325879)
(-1.43597 0.275714 -0.325904)
(-1.43612 0.275736 -0.325929)
(-1.43628 0.275758 -0.325956)
(-1.43643 0.27578 -0.325981)
(-1.43657 0.275801 -0.326005)
(-1.43669 0.275819 -0.326027)
(-1.4368 0.275834 -0.326045)
(-1.43688 0.275846 -0.32606)
(-1.43694 0.275855 -0.326069)
(-1.43697 0.275859 -0.326074)
(-1.43696 0.275858 -0.326074)
(-1.43693 0.275854 -0.326068)
(-1.43687 0.275845 -0.326058)
(-1.43678 0.275832 -0.326043)
(-1.43667 0.275816 -0.326024)
(-1.43655 0.275798 -0.326002)
(-1.4364 0.275777 -0.325977)
(-1.43625 0.275755 -0.325952)
(-1.4361 0.275733 -0.325925)
(-1.43595 0.275711 -0.3259)
(-1.43581 0.275691 -0.325876)
(-1.43568 0.275672 -0.325854)
(-1.43558 0.275657 -0.325836)
(-1.43549 0.275645 -0.325821)
(-1.43544 0.275637 -0.325812)
(-1.43541 0.275633 -0.325807)
(-1.43541 0.275633 -0.325807)
(-1.43544 0.275638 -0.325813)
(-1.4355 0.275647 -0.325823)
(-1.43815 0.268296 -0.317135)
(-1.43826 0.268312 -0.317154)
(-1.43839 0.268331 -0.317176)
(-1.43853 0.268352 -0.3172)
(-1.43868 0.268373 -0.317226)
(-1.43884 0.268396 -0.317253)
(-1.43899 0.268417 -0.317278)
(-1.43913 0.268438 -0.317302)
(-1.43925 0.268456 -0.317324)
(-1.43936 0.268472 -0.317342)
(-1.43944 0.268484 -0.317356)
(-1.4395 0.268492 -0.317366)
(-1.43953 0.268496 -0.317371)
(-1.43952 0.268495 -0.317371)
(-1.43949 0.268491 -0.317365)
(-1.43943 0.268482 -0.317355)
(-1.43934 0.268469 -0.31734)
(-1.43923 0.268453 -0.317321)
(-1.43911 0.268435 -0.317299)
(-1.43896 0.268414 -0.317274)
(-1.43881 0.268392 -0.317249)
(-1.43866 0.26837 -0.317222)
(-1.43851 0.268348 -0.317197)
(-1.43837 0.268328 -0.317173)
(-1.43824 0.26831 -0.317151)
(-1.43814 0.268294 -0.317133)
(-1.43805 0.268282 -0.317118)
(-1.438 0.268274 -0.317109)
(-1.43797 0.26827 -0.317104)
(-1.43797 0.26827 -0.317104)
(-1.438 0.268275 -0.31711)
(-1.43806 0.268284 -0.31712)
(-1.44071 0.260934 -0.308432)
(-1.44082 0.260949 -0.308451)
(-1.44095 0.260968 -0.308473)
(-1.44109 0.260989 -0.308497)
(-1.44124 0.261011 -0.308523)
(-1.4414 0.261033 -0.308549)
(-1.44155 0.261055 -0.308575)
(-1.44169 0.261075 -0.308599)
(-1.44181 0.261093 -0.308621)
(-1.44192 0.261109 -0.308639)
(-1.442 0.261121 -0.308653)
(-1.44206 0.261129 -0.308663)
(-1.44209 0.261133 -0.308668)
(-1.44208 0.261133 -0.308667)
(-1.44205 0.261128 -0.308662)
(-1.44199 0.261119 -0.308652)
(-1.4419 0.261107 -0.308637)
(-1.44179 0.261091 -0.308618)
(-1.44167 0.261072 -0.308596)
(-1.44152 0.261051 -0.308571)
(-1.44137 0.261029 -0.308545)
(-1.44122 0.261007 -0.308519)
(-1.44107 0.260986 -0.308494)
(-1.44093 0.260965 -0.308469)
(-1.4408 0.260947 -0.308448)
(-1.4407 0.260931 -0.30843)
(-1.44061 0.260919 -0.308415)
(-1.44056 0.260911 -0.308406)
(-1.44053 0.260907 -0.308401)
(-1.44053 0.260907 -0.308401)
(-1.44056 0.260912 -0.308407)
(-1.44062 0.260921 -0.308417)
(-1.44327 0.253571 -0.299729)
(-1.44338 0.253587 -0.299748)
(-1.44351 0.253606 -0.29977)
(-1.44365 0.253626 -0.299795)
(-1.4438 0.253648 -0.29982)
(-1.44395 0.25367 -0.299847)
(-1.4441 0.253692 -0.299872)
(-1.44425 0.253712 -0.299896)
(-1.44437 0.253731 -0.299918)
(-1.44448 0.253746 -0.299936)
(-1.44456 0.253758 -0.299951)
(-1.44462 0.253766 -0.29996)
(-1.44465 0.25377 -0.299965)
(-1.44464 0.25377 -0.299965)
(-1.44461 0.253765 -0.299959)
(-1.44455 0.253757 -0.299949)
(-1.44446 0.253744 -0.299934)
(-1.44435 0.253728 -0.299915)
(-1.44422 0.253709 -0.299893)
(-1.44408 0.253689 -0.299869)
(-1.44393 0.253667 -0.299843)
(-1.44378 0.253645 -0.299816)
(-1.44363 0.253623 -0.299791)
(-1.44349 0.253603 -0.299767)
(-1.44336 0.253584 -0.299745)
(-1.44326 0.253569 -0.299727)
(-1.44317 0.253557 -0.299713)
(-1.44312 0.253549 -0.299703)
(-1.44309 0.253545 -0.299698)
(-1.44309 0.253545 -0.299698)
(-1.44312 0.25355 -0.299704)
(-1.44318 0.253558 -0.299714)
(-1.44583 0.246208 -0.291026)
(-1.44594 0.246224 -0.291045)
(-1.44607 0.246243 -0.291067)
(-1.44621 0.246263 -0.291092)
(-1.44636 0.246285 -0.291117)
(-1.44651 0.246308 -0.291144)
(-1.44666 0.246329 -0.291169)
(-1.4468 0.24635 -0.291193)
(-1.44693 0.246368 -0.291215)
(-1.44704 0.246383 -0.291233)
(-1.44712 0.246395 -0.291248)
(-1.44718 0.246404 -0.291257)
(-1.4472 0.246408 -0.291262)
(-1.4472 0.246407 -0.291262)
(-1.44717 0.246403 -0.291256)
(-1.44711 0.246394 -0.291246)
(-1.44702 0.246381 -0.291231)
(-1.44691 0.246365 -0.291212)
(-1.44678 0.246347 -0.29119)
(-1.44664 0.246326 -0.291165)
(-1.44649 0.246304 -0.29114)
(-1.44634 0.246282 -0.291113)
(-1.44619 0.24626 -0.291088)
(-1.44605 0.24624 -0.291064)
(-1.44592 0.246222 -0.291042)
(-1.44581 0.246206 -0.291024)
(-1.44573 0.246194 -0.291009)
(-1.44567 0.246186 -0.291)
(-1.44565 0.246182 -0.290995)
(-1.44565 0.246182 -0.290995)
(-1.44568 0.246187 -0.291001)
(-1.44574 0.246196 -0.291011)
(-1.44839 0.238845 -0.282323)
(-1.4485 0.238861 -0.282342)
(-1.44863 0.23888 -0.282364)
(-1.44877 0.238901 -0.282388)
(-1.44892 0.238922 -0.282414)
(-1.44907 0.238945 -0.282441)
(-1.44922 0.238966 -0.282466)
(-1.44936 0.238987 -0.28249)
(-1.44949 0.239005 -0.282512)
(-1.4496 0.239021 -0.28253)
(-1.44968 0.239033 -0.282544)
(-1.44974 0.239041 -0.282554)
(-1.44976 0.239045 -0.282559)
(-1.44976 0.239044 -0.282559)
(-1.44973 0.23904 -0.282553)
(-1.44967 0.239031 -0.282543)
(-1.44958 0.239018 -0.282528)
(-1.44947 0.239002 -0.282509)
(-1.44934 0.238984 -0.282487)
(-1.4492 0.238963 -0.282462)
(-1.44905 0.238941 -0.282437)
(-1.4489 0.238919 -0.28241)
(-1.44875 0.238897 -0.282385)
(-1.44861 0.238877 -0.282361)
(-1.44848 0.238859 -0.282339)
(-1.44837 0.238843 -0.282321)
(-1.44829 0.238831 -0.282306)
(-1.44823 0.238823 -0.282297)
(-1.44821 0.238819 -0.282292)
(-1.44821 0.238819 -0.282292)
(-1.44824 0.238824 -0.282298)
(-1.4483 0.238833 -0.282308)
(-1.45095 0.231483 -0.27362)
(-1.45106 0.231499 -0.273639)
(-1.45119 0.231517 -0.273661)
(-1.45133 0.231538 -0.273686)
(-1.45148 0.23156 -0.273712)
(-1.45163 0.231582 -0.273738)
(-1.45178 0.231604 -0.273763)
(-1.45192 0.231624 -0.273788)
(-1.45205 0.231643 -0.273809)
(-1.45216 0.231658 -0.273827)
(-1.45224 0.23167 -0.273842)
(-1.4523 0.231678 -0.273851)
(-1.45232 0.231682 -0.273856)
(-1.45232 0.231682 -0.273856)
(-1.45229 0.231677 -0.27385)
(-1.45223 0.231668 -0.27384)
(-1.45214 0.231656 -0.273825)
(-1.45203 0.23164 -0.273806)
(-1.4519 0.231621 -0.273784)
(-1.45176 0.231601 -0.27376)
(-1.45161 0.231579 -0.273734)
(-1.45146 0.231557 -0.273708)
(-1.45131 0.231535 -0.273682)
(-1.45117 0.231514 -0.273658)
(-1.45104 0.231496 -0.273636)
(-1.45093 0.231481 -0.273618)
(-1.45085 0.231469 -0.273604)
(-1.45079 0.23146 -0.273594)
(-1.45077 0.231456 -0.273589)
(-1.45077 0.231457 -0.27359)
(-1.4508 0.231461 -0.273595)
(-1.45086 0.23147 -0.273605)
(-1.45351 0.22412 -0.264917)
(-1.45362 0.224136 -0.264936)
(-1.45375 0.224155 -0.264958)
(-1.45389 0.224175 -0.264983)
(-1.45404 0.224197 -0.265008)
(-1.45419 0.224219 -0.265035)
(-1.45434 0.224241 -0.26506)
(-1.45448 0.224261 -0.265084)
(-1.45461 0.22428 -0.265106)
(-1.45472 0.224295 -0.265124)
(-1.4548 0.224307 -0.265139)
(-1.45486 0.224315 -0.265148)
(-1.45488 0.224319 -0.265153)
(-1.45488 0.224319 -0.265153)
(-1.45485 0.224314 -0.265147)
(-1.45479 0.224306 -0.265137)
(-1.4547 0.224293 -0.265122)
(-1.45459 0.224277 -0.265103)
(-1.45446 0.224258 -0.265081)
(-1.45432 0.224238 -0.265057)
(-1.45417 0.224216 -0.265031)
(-1.45402 0.224194 -0.265004)
(-1.45387 0.224172 -0.264979)
(-1.45373 0.224152 -0.264955)
(-1.4536 0.224133 -0.264933)
(-1.45349 0.224118 -0.264915)
(-1.45341 0.224106 -0.264901)
(-1.45335 0.224098 -0.264891)
(-1.45333 0.224094 -0.264886)
(-1.45333 0.224094 -0.264886)
(-1.45336 0.224099 -0.264892)
(-1.45342 0.224107 -0.264902)
(-1.45607 0.216757 -0.256214)
(-1.45618 0.216773 -0.256233)
(-1.45631 0.216792 -0.256255)
(-1.45645 0.216812 -0.25628)
(-1.4566 0.216834 -0.256305)
(-1.45675 0.216857 -0.256332)
(-1.4569 0.216878 -0.256357)
(-1.45704 0.216899 -0.256381)
(-1.45717 0.216917 -0.256403)
(-1.45728 0.216932 -0.256421)
(-1.45736 0.216944 -0.256436)
(-1.45741 0.216953 -0.256445)
(-1.45744 0.216957 -0.25645)
(-1.45744 0.216956 -0.25645)
(-1.45741 0.216952 -0.256444)
(-1.45735 0.216943 -0.256434)
(-1.45726 0.21693 -0.256419)
(-1.45715 0.216914 -0.2564)
(-1.45702 0.216896 -0.256378)
(-1.45688 0.216875 -0.256353)
(-1.45673 0.216853 -0.256328)
(-1.45658 0.216831 -0.256301)
(-1.45643 0.216809 -0.256276)
(-1.45629 0.216789 -0.256252)
(-1.45616 0.216771 -0.25623)
(-1.45605 0.216755 -0.256212)
(-1.45597 0.216743 -0.256197)
(-1.45591 0.216735 -0.256188)
(-1.45588 0.216731 -0.256183)
(-1.45589 0.216731 -0.256183)
(-1.45592 0.216736 -0.256189)
(-1.45598 0.216745 -0.256199)
(-1.45863 0.209395 -0.247511)
(-1.45874 0.209411 -0.24753)
(-1.45886 0.209429 -0.247552)
(-1.45901 0.20945 -0.247577)
(-1.45916 0.209472 -0.247603)
(-1.45931 0.209494 -0.247629)
(-1.45946 0.209516 -0.247655)
(-1.4596 0.209536 -0.247679)
(-1.45973 0.209554 -0.2477)
(-1.45983 0.20957 -0.247719)
(-1.45992 0.209582 -0.247733)
(-1.45997 0.20959 -0.247742)
(-1.46 0.209594 -0.247747)
(-1.46 0.209594 -0.247747)
(-1.45997 0.209589 -0.247741)
(-1.45991 0.20958 -0.247731)
(-1.45982 0.209568 -0.247716)
(-1.45971 0.209552 -0.247697)
(-1.45958 0.209533 -0.247675)
(-1.45944 0.209512 -0.247651)
(-1.45929 0.209491 -0.247625)
(-1.45913 0.209468 -0.247599)
(-1.45898 0.209447 -0.247573)
(-1.45884 0.209426 -0.247549)
(-1.45872 0.209408 -0.247527)
(-1.45861 0.209393 -0.247509)
(-1.45853 0.20938 -0.247495)
(-1.45847 0.209372 -0.247485)
(-1.45844 0.209368 -0.24748)
(-1.45845 0.209369 -0.247481)
(-1.45848 0.209373 -0.247486)
(-1.45854 0.209382 -0.247497)
(-1.46119 0.202032 -0.238808)
(-1.4613 0.202048 -0.238827)
(-1.46142 0.202066 -0.238849)
(-1.46157 0.202087 -0.238874)
(-1.46172 0.202109 -0.238899)
(-1.46187 0.202131 -0.238926)
(-1.46202 0.202153 -0.238951)
(-1.46216 0.202173 -0.238976)
(-1.46229 0.202192 -0.238997)
(-1.46239 0.202207 -0.239015)
(-1.46248 0.202219 -0.23903)
(-1.46253 0.202227 -0.239039)
(-1.46256 0.202231 -0.239044)
(-1.46256 0.202231 -0.239044)
(-1.46253 0.202226 -0.239038)
(-1.46247 0.202218 -0.239028)
(-1.46238 0.202205 -0.239013)
(-1.46227 0.202189 -0.238994)
(-1.46214 0.20217 -0.238972)
(-1.462 0.20215 -0.238948)
(-1.46185 0.202128 -0.238922)
(-1.46169 0.202106 -0.238896)
(-1.46154 0.202084 -0.23887)
(-1.4614 0.202063 -0.238846)
(-1.46128 0.202045 -0.238824)
(-1.46117 0.20203 -0.238806)
(-1.46109 0.202018 -0.238792)
(-1.46103 0.202009 -0.238782)
(-1.461 0.202005 -0.238777)
(-1.46101 0.202006 -0.238778)
(-1.46104 0.20201 -0.238783)
(-1.4611 0.202019 -0.238793)
(-1.46375 0.194669 -0.230105)
(-1.46386 0.194685 -0.230124)
(-1.46398 0.194704 -0.230146)
(-1.46413 0.194724 -0.230171)
(-1.46428 0.194746 -0.230196)
(-1.46443 0.194768 -0.230223)
(-1.46458 0.19479 -0.230248)
(-1.46472 0.19481 -0.230272)
(-1.46485 0.194829 -0.230294)
(-1.46495 0.194844 -0.230312)
(-1.46504 0.194856 -0.230327)
(-1.46509 0.194864 -0.230336)
(-1.46512 0.194869 -0.230341)
(-1.46512 0.194868 -0.230341)
(-1.46509 0.194864 -0.230335)
(-1.46503 0.194855 -0.230325)
(-1.46494 0.194842 -0.23031)
(-1.46483 0.194826 -0.230291)
(-1.4647 0.194807 -0.230269)
(-1.46456 0.194787 -0.230244)
(-1.46441 0.194765 -0.230219)
(-1.46425 0.194743 -0.230192)
(-1.4641 0.194721 -0.230167)
(-1.46396 0.194701 -0.230143)
(-1.46384 0.194682 -0.230121)
(-1.46373 0.194667 -0.230103)
(-1.46365 0.194655 -0.230088)
(-1.46359 0.194647 -0.230079)
(-1.46356 0.194643 -0.230074)
(-1.46357 0.194643 -0.230074)
(-1.4636 0.194648 -0.23008)
(-1.46366 0.194656 -0.23009)
(-1.4663 0.187307 -0.221403)
(-1.46641 0.187322 -0.221421)
(-1.46654 0.187341 -0.221443)
(-1.46669 0.187362 -0.221468)
(-1.46684 0.187384 -0.221494)
(-1.46699 0.187406 -0.22152)
(-1.46714 0.187428 -0.221546)
(-1.46728 0.187448 -0.22157)
(-1.46741 0.187466 -0.221591)
(-1.46751 0.187482 -0.22161)
(-1.4676 0.187494 -0.221624)
(-1.46765 0.187502 -0.221634)
(-1.46768 0.187506 -0.221638)
(-1.46768 0.187506 -0.221638)
(-1.46765 0.187501 -0.221632)
(-1.46758 0.187492 -0.221622)
(-1.4675 0.18748 -0.221607)
(-1.46739 0.187464 -0.221588)
(-1.46726 0.187445 -0.221566)
(-1.46712 0.187424 -0.221542)
(-1.46697 0.187402 -0.221516)
(-1.46681 0.18738 -0.22149)
(-1.46666 0.187359 -0.221464)
(-1.46652 0.187338 -0.22144)
(-1.4664 0.18732 -0.221418)
(-1.46629 0.187304 -0.2214)
(-1.46621 0.187292 -0.221386)
(-1.46615 0.187284 -0.221376)
(-1.46612 0.18728 -0.221371)
(-1.46612 0.18728 -0.221372)
(-1.46616 0.187285 -0.221377)
(-1.46622 0.187294 -0.221388)
(-1.46886 0.179944 -0.212699)
(-1.46897 0.17996 -0.212718)
(-1.4691 0.179978 -0.21274)
(-1.46925 0.179999 -0.212765)
(-1.4694 0.180021 -0.212791)
(-1.46955 0.180043 -0.212817)
(-1.4697 0.180065 -0.212842)
(-1.46984 0.180085 -0.212867)
(-1.46997 0.180103 -0.212888)
(-1.47007 0.180119 -0.212906)
(-1.47016 0.180131 -0.212921)
(-1.47021 0.180139 -0.21293)
(-1.47024 0.180143 -0.212935)
(-1.47024 0.180143 -0.212935)
(-1.4702 0.180138 -0.212929)
(-1.47014 0.180129 -0.212919)
(-1.47006 0.180117 -0.212904)
(-1.46995 0.180101 -0.212885)
(-1.46982 0.180082 -0.212863)
(-1.46968 0.180061 -0.212839)
(-1.46953 0.18004 -0.212813)
(-1.46937 0.180017 -0.212787)
(-1.46922 0.179996 -0.212761)
(-1.46908 0.179975 -0.212737)
(-1.46896 0.179957 -0.212715)
(-1.46885 0.179942 -0.212697)
(-1.46877 0.17993 -0.212683)
(-1.46871 0.179921 -0.212673)
(-1.46868 0.179917 -0.212668)
(-1.46868 0.179918 -0.212669)
(-1.46872 0.179922 -0.212674)
(-1.46878 0.179931 -0.212685)
(-1.47142 0.172581 -0.203996)
(-1.47153 0.172597 -0.204015)
(-1.47166 0.172615 -0.204037)
(-1.4718 0.172636 -0.204062)
(-1.47196 0.172658 -0.204087)
(-1.47211 0.17268 -0.204114)
(-1.47226 0.172702 -0.204139)
(-1.4724 0.172722 -0.204163)
(-1.47252 0.172741 -0.204185)
(-1.47263 0.172756 -0.204203)
(-1.47271 0.172768 -0.204218)
(-1.47277 0.172776 -0.204227)
(-1.4728 0.17278 -0.204232)
(-1.4728 0.17278 -0.204232)
(-1.47276 0.172775 -0.204226)
(-1.4727 0.172767 -0.204216)
(-1.47262 0.172754 -0.204201)
(-1.47251 0.172738 -0.204182)
(-1.47238 0.172719 -0.20416)
(-1.47224 0.172699 -0.204136)
(-1.47209 0.172677 -0.20411)
(-1.47193 0.172655 -0.204083)
(-1.47178 0.172633 -0.204058)
(-1.47164 0.172613 -0.204034)
(-1.47152 0.172594 -0.204012)
(-1.47141 0.172579 -0.203994)
(-1.47133 0.172567 -0.20398)
(-1.47127 0.172558 -0.20397)
(-1.47124 0.172554 -0.203965)
(-1.47124 0.172555 -0.203966)
(-1.47128 0.172559 -0.203971)
(-1.47134 0.172568 -0.203981)
(-1.47398 0.165218 -0.195294)
(-1.47409 0.165234 -0.195312)
(-1.47422 0.165253 -0.195334)
(-1.47436 0.165274 -0.195359)
(-1.47451 0.165295 -0.195385)
(-1.47467 0.165318 -0.195411)
(-1.47482 0.165339 -0.195437)
(-1.47496 0.16536 -0.195461)
(-1.47508 0.165378 -0.195482)
(-1.47519 0.165394 -0.195501)
(-1.47527 0.165406 -0.195515)
(-1.47533 0.165414 -0.195525)
(-1.47536 0.165418 -0.195529)
(-1.47536 0.165417 -0.195529)
(-1.47532 0.165413 -0.195523)
(-1.47526 0.165404 -0.195513)
(-1.47518 0.165391 -0.195498)
(-1.47507 0.165375 -0.195479)
(-1.47494 0.165357 -0.195457)
(-1.4748 0.165336 -0.195433)
(-1.47464 0.165314 -0.195407)
(-1.47449 0.165292 -0.195381)
(-1.47434 0.16527 -0.195355)
(-1.4742 0.16525 -0.195331)
(-1.47407 0.165232 -0.195309)
(-1.47397 0.165216 -0.195291)
(-1.47388 0.165204 -0.195277)
(-1.47383 0.165196 -0.195267)
(-1.4738 0.165192 -0.195262)
(-1.4738 0.165192 -0.195263)
(-1.47384 0.165197 -0.195268)
(-1.4739 0.165206 -0.195279)
(-1.47654 0.157856 -0.18659)
(-1.47665 0.157871 -0.186609)
(-1.47678 0.15789 -0.186631)
(-1.47692 0.157911 -0.186656)
(-1.47707 0.157933 -0.186682)
(-1.47723 0.157955 -0.186708)
(-1.47738 0.157977 -0.186734)
(-1.47752 0.157997 -0.186758)
(-1.47764 0.158015 -0.186779)
(-1.47775 0.158031 -0.186798)
(-1.47783 0.158043 -0.186812)
(-1.47789 0.158051 -0.186821)
(-1.47792 0.158055 -0.186826)
(-1.47792 0.158055 -0.186826)
(-1.47788 0.15805 -0.18682)
(-1.47782 0.158041 -0.18681)
(-1.47774 0.158029 -0.186795)
(-1.47763 0.158013 -0.186776)
(-1.4775 0.157994 -0.186754)
(-1.47735 0.157973 -0.18673)
(-1.4772 0.157951 -0.186704)
(-1.47705 0.157929 -0.186678)
(-1.4769 0.157908 -0.186652)
(-1.47676 0.157887 -0.186628)
(-1.47663 0.157869 -0.186606)
(-1.47653 0.157853 -0.186588)
(-1.47644 0.157841 -0.186574)
(-1.47639 0.157833 -0.186564)
(-1.47636 0.157829 -0.186559)
(-1.47636 0.157829 -0.18656)
(-1.47639 0.157834 -0.186565)
(-1.47646 0.157843 -0.186576)
(-1.4791 0.150493 -0.177887)
(-1.47921 0.150509 -0.177906)
(-1.47934 0.150527 -0.177928)
(-1.47948 0.150548 -0.177953)
(-1.47963 0.15057 -0.177979)
(-1.47979 0.150592 -0.178005)
(-1.47994 0.150614 -0.17803)
(-1.48008 0.150634 -0.178055)
(-1.4802 0.150652 -0.178076)
(-1.48031 0.150668 -0.178094)
(-1.48039 0.15068 -0.178109)
(-1.48045 0.150688 -0.178118)
(-1.48048 0.150692 -0.178123)
(-1.48047 0.150692 -0.178123)
(-1.48044 0.150687 -0.178117)
(-1.48038 0.150678 -0.178107)
(-1.48029 0.150666 -0.178092)
(-1.48019 0.15065 -0.178073)
(-1.48006 0.150631 -0.178051)
(-1.47991 0.150611 -0.178027)
(-1.47976 0.150589 -0.178001)
(-1.47961 0.150566 -0.177975)
(-1.47946 0.150545 -0.177949)
(-1.47932 0.150524 -0.177925)
(-1.47919 0.150506 -0.177903)
(-1.47909 0.150491 -0.177885)
(-1.479 0.150479 -0.177871)
(-1.47895 0.15047 -0.177861)
(-1.47892 0.150466 -0.177856)
(-1.47892 0.150467 -0.177857)
(-1.47895 0.150471 -0.177862)
(-1.47901 0.15048 -0.177872)
(-1.48166 0.143131 -0.169186)
(-1.48177 0.143147 -0.169204)
(-1.4819 0.143166 -0.169227)
(-1.48204 0.143186 -0.169251)
(-1.48219 0.143208 -0.169277)
(-1.48235 0.14323 -0.169303)
(-1.4825 0.143252 -0.169329)
(-1.48264 0.143272 -0.169353)
(-1.48276 0.143291 -0.169374)
(-1.48287 0.143306 -0.169393)
(-1.48295 0.143318 -0.169407)
(-1.48301 0.143326 -0.169417)
(-1.48304 0.14333 -0.169421)
(-1.48303 0.14333 -0.169421)
(-1.483 0.143325 -0.169415)
(-1.48294 0.143317 -0.169405)
(-1.48285 0.143304 -0.16939)
(-1.48274 0.143288 -0.169371)
(-1.48262 0.143269 -0.169349)
(-1.48247 0.143249 -0.169325)
(-1.48232 0.143227 -0.169299)
(-1.48217 0.143205 -0.169273)
(-1.48202 0.143183 -0.169247)
(-1.48188 0.143163 -0.169223)
(-1.48175 0.143144 -0.169201)
(-1.48165 0.143129 -0.169183)
(-1.48156 0.143117 -0.169169)
(-1.48151 0.143109 -0.169159)
(-1.48148 0.143105 -0.169154)
(-1.48148 0.143105 -0.169155)
(-1.48151 0.14311 -0.16916)
(-1.48157 0.143118 -0.169171)
(-1.48422 0.135767 -0.160482)
(-1.48433 0.135783 -0.1605)
(-1.48446 0.135802 -0.160522)
(-1.4846 0.135823 -0.160547)
(-1.48475 0.135844 -0.160573)
(-1.48491 0.135867 -0.160599)
(-1.48506 0.135888 -0.160625)
(-1.4852 0.135909 -0.160649)
(-1.48532 0.135927 -0.16067)
(-1.48543 0.135943 -0.160689)
(-1.48551 0.135955 -0.160703)
(-1.48557 0.135963 -0.160713)
(-1.4856 0.135967 -0.160717)
(-1.48559 0.135966 -0.160717)
(-1.48556 0.135962 -0.160711)
(-1.4855 0.135953 -0.160701)
(-1.48541 0.13594 -0.160686)
(-1.4853 0.135924 -0.160667)
(-1.48518 0.135906 -0.160645)
(-1.48503 0.135885 -0.160621)
(-1.48488 0.135863 -0.160595)
(-1.48473 0.135841 -0.160569)
(-1.48458 0.135819 -0.160543)
(-1.48444 0.135799 -0.160519)
(-1.48431 0.135781 -0.160497)
(-1.48421 0.135765 -0.160479)
(-1.48412 0.135753 -0.160465)
(-1.48407 0.135745 -0.160455)
(-1.48404 0.135741 -0.16045)
(-1.48404 0.135741 -0.160451)
(-1.48407 0.135746 -0.160456)
(-1.48413 0.135755 -0.160467)
(-1.48678 0.128404 -0.151777)
(-1.48689 0.12842 -0.151796)
(-1.48702 0.128438 -0.151818)
(-1.48716 0.128459 -0.151843)
(-1.48731 0.128481 -0.151869)
(-1.48747 0.128503 -0.151895)
(-1.48761 0.128525 -0.151921)
(-1.48776 0.128545 -0.151945)
(-1.48788 0.128563 -0.151966)
(-1.48799 0.128579 -0.151985)
(-1.48807 0.128591 -0.151999)
(-1.48813 0.128599 -0.152008)
(-1.48816 0.128603 -0.152013)
(-1.48815 0.128603 -0.152013)
(-1.48812 0.128598 -0.152007)
(-1.48806 0.128589 -0.151997)
(-1.48797 0.128577 -0.151982)
(-1.48786 0.128561 -0.151963)
(-1.48773 0.128542 -0.151941)
(-1.48759 0.128522 -0.151917)
(-1.48744 0.1285 -0.151891)
(-1.48729 0.128477 -0.151865)
(-1.48714 0.128456 -0.151839)
(-1.487 0.128435 -0.151815)
(-1.48687 0.128417 -0.151793)
(-1.48677 0.128402 -0.151775)
(-1.48668 0.12839 -0.151761)
(-1.48663 0.128381 -0.151751)
(-1.4866 0.128377 -0.151746)
(-1.4866 0.128378 -0.151747)
(-1.48663 0.128382 -0.151752)
(-1.48669 0.128391 -0.151763)
(-1.48934 0.121043 -0.143077)
(-1.48945 0.121059 -0.143096)
(-1.48958 0.121077 -0.143118)
(-1.48972 0.121098 -0.143142)
(-1.48987 0.12112 -0.143168)
(-1.49002 0.121142 -0.143194)
(-1.49017 0.121164 -0.14322)
(-1.49031 0.121184 -0.143244)
(-1.49044 0.121203 -0.143265)
(-1.49055 0.121218 -0.143284)
(-1.49063 0.12123 -0.143298)
(-1.49069 0.121238 -0.143308)
(-1.49071 0.121242 -0.143312)
(-1.49071 0.121242 -0.143312)
(-1.49068 0.121237 -0.143307)
(-1.49062 0.121229 -0.143296)
(-1.49053 0.121216 -0.143281)
(-1.49042 0.1212 -0.143262)
(-1.49029 0.121181 -0.14324)
(-1.49015 0.121161 -0.143216)
(-1.49 0.121139 -0.14319)
(-1.48985 0.121117 -0.143164)
(-1.4897 0.121095 -0.143138)
(-1.48956 0.121074 -0.143114)
(-1.48943 0.121056 -0.143092)
(-1.48932 0.121041 -0.143074)
(-1.48924 0.121029 -0.14306)
(-1.48918 0.12102 -0.14305)
(-1.48916 0.121016 -0.143045)
(-1.48916 0.121017 -0.143046)
(-1.48919 0.121021 -0.143051)
(-1.48925 0.12103 -0.143062)
(-1.4919 0.113679 -0.134373)
(-1.49201 0.113695 -0.134391)
(-1.49214 0.113714 -0.134414)
(-1.49228 0.113734 -0.134438)
(-1.49243 0.113756 -0.134464)
(-1.49258 0.113779 -0.13449)
(-1.49273 0.1138 -0.134516)
(-1.49287 0.113821 -0.13454)
(-1.493 0.113839 -0.134561)
(-1.49311 0.113854 -0.13458)
(-1.49319 0.113866 -0.134594)
(-1.49325 0.113875 -0.134604)
(-1.49327 0.113879 -0.134608)
(-1.49327 0.113878 -0.134608)
(-1.49324 0.113874 -0.134602)
(-1.49318 0.113865 -0.134592)
(-1.49309 0.113852 -0.134577)
(-1.49298 0.113836 -0.134558)
(-1.49285 0.113818 -0.134536)
(-1.49271 0.113797 -0.134512)
(-1.49256 0.113775 -0.134486)
(-1.49241 0.113753 -0.13446)
(-1.49226 0.113731 -0.134434)
(-1.49212 0.113711 -0.13441)
(-1.49199 0.113693 -0.134388)
(-1.49188 0.113677 -0.13437)
(-1.4918 0.113665 -0.134356)
(-1.49174 0.113657 -0.134346)
(-1.49172 0.113653 -0.134341)
(-1.49172 0.113653 -0.134342)
(-1.49175 0.113658 -0.134347)
(-1.49181 0.113667 -0.134358)
(-1.49446 0.106316 -0.125669)
(-1.49457 0.106332 -0.125687)
(-1.4947 0.10635 -0.125709)
(-1.49484 0.106371 -0.125734)
(-1.49499 0.106393 -0.12576)
(-1.49514 0.106415 -0.125786)
(-1.49529 0.106437 -0.125812)
(-1.49543 0.106457 -0.125836)
(-1.49556 0.106475 -0.125857)
(-1.49567 0.106491 -0.125876)
(-1.49575 0.106503 -0.12589)
(-1.49581 0.106511 -0.1259)
(-1.49583 0.106515 -0.125904)
(-1.49583 0.106515 -0.125904)
(-1.4958 0.10651 -0.125898)
(-1.49574 0.106501 -0.125888)
(-1.49565 0.106489 -0.125873)
(-1.49554 0.106473 -0.125854)
(-1.49541 0.106454 -0.125832)
(-1.49527 0.106433 -0.125808)
(-1.49512 0.106412 -0.125782)
(-1.49497 0.106389 -0.125756)
(-1.49482 0.106368 -0.12573)
(-1.49468 0.106347 -0.125706)
(-1.49455 0.106329 -0.125684)
(-1.49444 0.106313 -0.125666)
(-1.49436 0.106301 -0.125652)
(-1.4943 0.106293 -0.125642)
(-1.49428 0.106289 -0.125637)
(-1.49428 0.10629 -0.125638)
(-1.49431 0.106294 -0.125643)
(-1.49437 0.106303 -0.125654)
(-1.49702 0.0989547 -0.116968)
(-1.49713 0.0989707 -0.116987)
(-1.49726 0.0989893 -0.117009)
(-1.4974 0.09901 -0.117033)
(-1.49755 0.0990318 -0.117059)
(-1.4977 0.099054 -0.117085)
(-1.49785 0.0990757 -0.117111)
(-1.49799 0.0990961 -0.117135)
(-1.49812 0.0991144 -0.117157)
(-1.49823 0.0991299 -0.117175)
(-1.49831 0.0991419 -0.117189)
(-1.49837 0.0991501 -0.117199)
(-1.49839 0.0991541 -0.117203)
(-1.49839 0.0991538 -0.117203)
(-1.49836 0.0991492 -0.117198)
(-1.4983 0.0991404 -0.117187)
(-1.49821 0.0991277 -0.117172)
(-1.4981 0.0991118 -0.117153)
(-1.49797 0.0990931 -0.117131)
(-1.49783 0.0990725 -0.117107)
(-1.49768 0.0990506 -0.117081)
(-1.49753 0.0990284 -0.117055)
(-1.49738 0.0990067 -0.117029)
(-1.49724 0.0989863 -0.117005)
(-1.49711 0.098968 -0.116983)
(-1.497 0.0989526 -0.116965)
(-1.49692 0.0989405 -0.116951)
(-1.49686 0.0989323 -0.116941)
(-1.49684 0.0989283 -0.116937)
(-1.49684 0.0989286 -0.116937)
(-1.49687 0.0989333 -0.116942)
(-1.49693 0.0989421 -0.116953)
(-1.49958 0.0915911 -0.108264)
(-1.49969 0.091607 -0.108283)
(-1.49982 0.0916257 -0.108305)
(-1.49996 0.0916463 -0.108329)
(-1.50011 0.0916682 -0.108355)
(-1.50026 0.0916904 -0.108381)
(-1.50041 0.0917121 -0.108407)
(-1.50055 0.0917325 -0.108431)
(-1.50068 0.0917508 -0.108452)
(-1.50079 0.0917662 -0.108471)
(-1.50087 0.0917783 -0.108485)
(-1.50092 0.0917865 -0.108495)
(-1.50095 0.0917905 -0.108499)
(-1.50095 0.0917902 -0.108499)
(-1.50092 0.0917855 -0.108494)
(-1.50086 0.0917767 -0.108483)
(-1.50077 0.0917641 -0.108468)
(-1.50066 0.0917482 -0.108449)
(-1.50053 0.0917295 -0.108427)
(-1.50039 0.0917089 -0.108403)
(-1.50024 0.091687 -0.108377)
(-1.50009 0.0916648 -0.108351)
(-1.49994 0.0916431 -0.108325)
(-1.4998 0.0916227 -0.108301)
(-1.49967 0.0916044 -0.108279)
(-1.49956 0.0915889 -0.108261)
(-1.49948 0.0915769 -0.108247)
(-1.49942 0.0915687 -0.108237)
(-1.49939 0.0915647 -0.108232)
(-1.4994 0.091565 -0.108233)
(-1.49943 0.0915696 -0.108238)
(-1.49949 0.0915785 -0.108249)
(-1.50214 0.0842274 -0.0995596)
(-1.50225 0.0842434 -0.0995785)
(-1.50238 0.084262 -0.0996005)
(-1.50252 0.0842827 -0.0996249)
(-1.50267 0.0843045 -0.0996507)
(-1.50282 0.0843267 -0.099677)
(-1.50297 0.0843485 -0.0997027)
(-1.50311 0.0843688 -0.0997268)
(-1.50324 0.0843871 -0.0997484)
(-1.50334 0.0844026 -0.0997667)
(-1.50343 0.0844147 -0.0997809)
(-1.50348 0.0844229 -0.0997906)
(-1.50351 0.0844269 -0.0997954)
(-1.50351 0.0844265 -0.099795)
(-1.50348 0.0844219 -0.0997895)
(-1.50342 0.0844131 -0.099779)
(-1.50333 0.0844005 -0.0997641)
(-1.50322 0.0843845 -0.0997453)
(-1.50309 0.0843659 -0.0997232)
(-1.50295 0.0843452 -0.0996988)
(-1.5028 0.0843234 -0.099673)
(-1.50265 0.0843012 -0.0996468)
(-1.5025 0.0842794 -0.0996211)
(-1.50235 0.084259 -0.099597)
(-1.50223 0.0842408 -0.0995754)
(-1.50212 0.0842253 -0.0995571)
(-1.50204 0.0842132 -0.0995428)
(-1.50198 0.084205 -0.0995331)
(-1.50195 0.084201 -0.0995284)
(-1.50196 0.0842013 -0.0995288)
(-1.50199 0.084206 -0.0995343)
(-1.50205 0.0842148 -0.0995447)
(-1.5047 0.0768666 -0.0908588)
(-1.50481 0.0768825 -0.0908776)
(-1.50493 0.0769011 -0.0908997)
(-1.50508 0.0769218 -0.0909241)
(-1.50523 0.0769436 -0.0909499)
(-1.50538 0.0769659 -0.0909762)
(-1.50553 0.0769876 -0.0910019)
(-1.50567 0.077008 -0.091026)
(-1.5058 0.0770263 -0.0910476)
(-1.5059 0.0770417 -0.0910659)
(-1.50599 0.0770538 -0.0910801)
(-1.50604 0.077062 -0.0910898)
(-1.50607 0.077066 -0.0910945)
(-1.50607 0.0770657 -0.0910942)
(-1.50604 0.077061 -0.0910886)
(-1.50598 0.0770522 -0.0910782)
(-1.50589 0.0770396 -0.0910633)
(-1.50578 0.0770236 -0.0910445)
(-1.50565 0.077005 -0.0910224)
(-1.50551 0.0769843 -0.090998)
(-1.50536 0.0769625 -0.0909722)
(-1.5052 0.0769403 -0.0909459)
(-1.50505 0.0769186 -0.0909203)
(-1.50491 0.0768982 -0.0908962)
(-1.50479 0.0768799 -0.0908746)
(-1.50468 0.0768644 -0.0908563)
(-1.5046 0.0768523 -0.090842)
(-1.50454 0.0768441 -0.0908323)
(-1.50451 0.0768401 -0.0908276)
(-1.50452 0.0768405 -0.090828)
(-1.50455 0.0768451 -0.0908335)
(-1.50461 0.0768539 -0.0908439)
(-1.50726 0.0695029 -0.0821547)
(-1.50737 0.0695189 -0.0821736)
(-1.50749 0.0695375 -0.0821956)
(-1.50764 0.0695582 -0.08222)
(-1.50779 0.06958 -0.0822459)
(-1.50794 0.0696022 -0.0822721)
(-1.50809 0.0696239 -0.0822978)
(-1.50823 0.0696443 -0.0823219)
(-1.50836 0.0696626 -0.0823435)
(-1.50846 0.0696781 -0.0823618)
(-1.50855 0.0696901 -0.0823761)
(-1.5086 0.0696983 -0.0823857)
(-1.50863 0.0697023 -0.0823905)
(-1.50863 0.069702 -0.0823901)
(-1.5086 0.0696974 -0.0823846)
(-1.50854 0.0696885 -0.0823742)
(-1.50845 0.0696759 -0.0823593)
(-1.50834 0.06966 -0.0823404)
(-1.50821 0.0696413 -0.0823184)
(-1.50807 0.0696207 -0.082294)
(-1.50792 0.0695988 -0.0822681)
(-1.50776 0.0695766 -0.0822419)
(-1.50761 0.0695549 -0.0822162)
(-1.50747 0.0695345 -0.0821921)
(-1.50735 0.0695162 -0.0821705)
(-1.50724 0.0695008 -0.0821522)
(-1.50716 0.0694887 -0.0821379)
(-1.5071 0.0694805 -0.0821283)
(-1.50707 0.0694765 -0.0821235)
(-1.50708 0.0694768 -0.0821239)
(-1.50711 0.0694815 -0.0821294)
(-1.50717 0.0694903 -0.0821398)
(-1.50982 0.0621393 -0.0734507)
(-1.50992 0.0621552 -0.0734695)
(-1.51005 0.0621739 -0.0734916)
(-1.5102 0.0621945 -0.073516)
(-1.51035 0.0622164 -0.0735418)
(-1.5105 0.0622386 -0.0735681)
(-1.51065 0.0622603 -0.0735937)
(-1.51079 0.0622807 -0.0736178)
(-1.51092 0.062299 -0.0736394)
(-1.51102 0.0623144 -0.0736577)
(-1.51111 0.0623265 -0.073672)
(-1.51116 0.0623347 -0.0736817)
(-1.51119 0.0623387 -0.0736864)
(-1.51119 0.0623384 -0.073686)
(-1.51116 0.0623337 -0.0736805)
(-1.5111 0.0623249 -0.0736701)
(-1.51101 0.0623123 -0.0736552)
(-1.5109 0.0622964 -0.0736363)
(-1.51077 0.0622777 -0.0736143)
(-1.51063 0.0622571 -0.0735899)
(-1.51048 0.0622352 -0.0735641)
(-1.51032 0.062213 -0.0735378)
(-1.51017 0.0621913 -0.0735121)
(-1.51003 0.0621709 -0.073488)
(-1.50991 0.0621526 -0.0734664)
(-1.5098 0.0621371 -0.0734481)
(-1.50972 0.0621251 -0.0734339)
(-1.50966 0.0621169 -0.0734242)
(-1.50963 0.0621129 -0.0734195)
(-1.50964 0.0621132 -0.0734198)
(-1.50967 0.0621178 -0.0734254)
(-1.50973 0.0621267 -0.0734358)
(-1.51237 0.0547784 -0.0647499)
(-1.51248 0.0547943 -0.0647687)
(-1.51261 0.054813 -0.0647908)
(-1.51275 0.0548336 -0.0648152)
(-1.51291 0.0548555 -0.064841)
(-1.51306 0.0548777 -0.0648672)
(-1.51321 0.0548994 -0.0648929)
(-1.51335 0.0549198 -0.064917)
(-1.51348 0.0549381 -0.0649386)
(-1.51358 0.0549536 -0.0649569)
(-1.51366 0.0549656 -0.0649712)
(-1.51372 0.0549738 -0.0649809)
(-1.51375 0.0549778 -0.0649856)
(-1.51375 0.0549775 -0.0649852)
(-1.51371 0.0549728 -0.0649797)
(-1.51365 0.054964 -0.0649693)
(-1.51357 0.0549514 -0.0649544)
(-1.51346 0.0549355 -0.0649355)
(-1.51333 0.0549168 -0.0649135)
(-1.51319 0.0548962 -0.0648891)
(-1.51304 0.0548743 -0.0648633)
(-1.51288 0.0548521 -0.064837)
(-1.51273 0.0548304 -0.0648113)
(-1.51259 0.05481 -0.0647872)
(-1.51247 0.0547917 -0.0647656)
(-1.51236 0.0547762 -0.0647473)
(-1.51228 0.0547642 -0.0647331)
(-1.51222 0.054756 -0.0647234)
(-1.51219 0.054752 -0.0647186)
(-1.51219 0.0547523 -0.064719)
(-1.51223 0.054757 -0.0647245)
(-1.51229 0.0547658 -0.064735)
(-1.51493 0.0474147 -0.0560458)
(-1.51504 0.0474307 -0.0560646)
(-1.51517 0.0474493 -0.0560867)
(-1.51531 0.04747 -0.0561111)
(-1.51547 0.0474918 -0.0561369)
(-1.51562 0.0475141 -0.0561632)
(-1.51577 0.0475358 -0.0561889)
(-1.51591 0.0475562 -0.056213)
(-1.51603 0.0475744 -0.0562346)
(-1.51614 0.0475899 -0.0562529)
(-1.51622 0.047602 -0.0562671)
(-1.51628 0.0476102 -0.0562768)
(-1.51631 0.0476142 -0.0562815)
(-1.51631 0.0476139 -0.0562812)
(-1.51627 0.0476092 -0.0562756)
(-1.51621 0.0476004 -0.0562652)
(-1.51613 0.0475878 -0.0562503)
(-1.51602 0.0475718 -0.0562315)
(-1.51589 0.0475532 -0.0562094)
(-1.51575 0.0475325 -0.056185)
(-1.5156 0.0475107 -0.0561592)
(-1.51544 0.0474885 -0.0561329)
(-1.51529 0.0474667 -0.0561073)
(-1.51515 0.0474464 -0.0560832)
(-1.51503 0.0474281 -0.0560616)
(-1.51492 0.0474126 -0.0560433)
(-1.51484 0.0474005 -0.056029)
(-1.51478 0.0473923 -0.0560193)
(-1.51475 0.0473883 -0.0560146)
(-1.51475 0.0473887 -0.056015)
(-1.51479 0.0473933 -0.0560205)
(-1.51485 0.0474021 -0.0560309)
(-1.51749 0.0400511 -0.0473417)
(-1.5176 0.040067 -0.0473606)
(-1.51773 0.0400857 -0.0473826)
(-1.51787 0.0401063 -0.047407)
(-1.51802 0.0401282 -0.0474329)
(-1.51818 0.0401504 -0.0474591)
(-1.51833 0.0401721 -0.0474848)
(-1.51847 0.0401925 -0.0475089)
(-1.51859 0.0402108 -0.0475305)
(-1.5187 0.0402263 -0.0475488)
(-1.51878 0.0402383 -0.0475631)
(-1.51884 0.0402465 -0.0475727)
(-1.51887 0.0402505 -0.0475775)
(-1.51887 0.0402502 -0.0475771)
(-1.51883 0.0402456 -0.0475716)
(-1.51877 0.0402367 -0.0475612)
(-1.51869 0.0402241 -0.0475463)
(-1.51858 0.0402082 -0.0475274)
(-1.51845 0.0401895 -0.0475054)
(-1.51831 0.0401689 -0.047481)
(-1.51815 0.040147 -0.0474551)
(-1.518 0.0401248 -0.0474289)
(-1.51785 0.0401031 -0.0474032)
(-1.51771 0.0400827 -0.0473791)
(-1.51759 0.0400644 -0.0473575)
(-1.51748 0.040049 -0.0473392)
(-1.5174 0.0400369 -0.0473249)
(-1.51734 0.0400287 -0.0473153)
(-1.51731 0.0400247 -0.0473105)
(-1.51731 0.040025 -0.0473109)
(-1.51735 0.0400297 -0.0473164)
(-1.51741 0.0400385 -0.0473268)
(-1.52005 0.0326902 -0.0386409)
(-1.52016 0.0327062 -0.0386598)
(-1.52029 0.0327248 -0.0386818)
(-1.52043 0.0327455 -0.0387062)
(-1.52058 0.0327673 -0.0387321)
(-1.52074 0.0327895 -0.0387583)
(-1.52089 0.0328113 -0.038784)
(-1.52103 0.0328316 -0.0388081)
(-1.52115 0.0328499 -0.0388297)
(-1.52126 0.0328654 -0.038848)
(-1.52134 0.0328775 -0.0388623)
(-1.5214 0.0328857 -0.0388719)
(-1.52143 0.0328897 -0.0388767)
(-1.52143 0.0328893 -0.0388763)
(-1.52139 0.0328847 -0.0388708)
(-1.52133 0.0328759 -0.0388604)
(-1.52125 0.0328633 -0.0388455)
(-1.52114 0.0328473 -0.0388266)
(-1.52101 0.0328287 -0.0388046)
(-1.52086 0.032808 -0.0387802)
(-1.52071 0.0327862 -0.0387543)
(-1.52056 0.0327639 -0.0387281)
(-1.52041 0.0327422 -0.0387024)
(-1.52027 0.0327218 -0.0386783)
(-1.52014 0.0327036 -0.0386567)
(-1.52004 0.0326881 -0.0386384)
(-1.51995 0.032676 -0.0386241)
(-1.5199 0.0326678 -0.0386144)
(-1.51987 0.0326638 -0.0386097)
(-1.51987 0.0326641 -0.0386101)
(-1.5199 0.0326688 -0.0386156)
(-1.51997 0.0326776 -0.038626)
(-1.52261 0.0253266 -0.0299369)
(-1.52272 0.0253425 -0.0299557)
(-1.52285 0.0253612 -0.0299778)
(-1.52299 0.0253818 -0.0300022)
(-1.52314 0.0254037 -0.030028)
(-1.5233 0.0254259 -0.0300542)
(-1.52345 0.0254476 -0.0300799)
(-1.52359 0.025468 -0.030104)
(-1.52371 0.0254863 -0.0301256)
(-1.52382 0.0255018 -0.0301439)
(-1.5239 0.0255138 -0.0301582)
(-1.52396 0.025522 -0.0301679)
(-1.52399 0.025526 -0.0301726)
(-1.52398 0.0255257 -0.0301722)
(-1.52395 0.025521 -0.0301667)
(-1.52389 0.0255122 -0.0301563)
(-1.5238 0.0254996 -0.0301414)
(-1.5237 0.0254837 -0.0301225)
(-1.52357 0.025465 -0.0301005)
(-1.52342 0.0254444 -0.0300761)
(-1.52327 0.0254225 -0.0300503)
(-1.52312 0.0254003 -0.030024)
(-1.52297 0.0253786 -0.0299983)
(-1.52283 0.0253582 -0.0299742)
(-1.5227 0.0253399 -0.0299526)
(-1.5226 0.0253244 -0.0299343)
(-1.52251 0.0253124 -0.0299201)
(-1.52246 0.0253042 -0.0299104)
(-1.52243 0.0253002 -0.0299056)
(-1.52243 0.0253005 -0.029906)
(-1.52246 0.0253052 -0.0299115)
(-1.52252 0.025314 -0.029922)
(-1.52517 0.0179629 -0.0212328)
(-1.52528 0.0179789 -0.0212516)
(-1.52541 0.0179975 -0.0212737)
(-1.52555 0.0180182 -0.0212981)
(-1.5257 0.01804 -0.0213239)
(-1.52586 0.0180623 -0.0213502)
(-1.52601 0.018084 -0.0213759)
(-1.52615 0.0181044 -0.0214)
(-1.52627 0.0181226 -0.0214216)
(-1.52638 0.0181381 -0.0214399)
(-1.52646 0.0181502 -0.0214541)
(-1.52652 0.0181584 -0.0214638)
(-1.52655 0.0181624 -0.0214685)
(-1.52654 0.0181621 -0.0214681)
(-1.52651 0.0181574 -0.0214626)
(-1.52645 0.0181486 -0.0214522)
(-1.52636 0.018136 -0.0214373)
(-1.52625 0.01812 -0.0214185)
(-1.52613 0.0181014 -0.0213964)
(-1.52598 0.0180807 -0.021372)
(-1.52583 0.0180589 -0.0213462)
(-1.52568 0.0180367 -0.0213199)
(-1.52553 0.0180149 -0.0212943)
(-1.52539 0.0179946 -0.0212702)
(-1.52526 0.0179763 -0.0212485)
(-1.52516 0.0179608 -0.0212303)
(-1.52507 0.0179487 -0.021216)
(-1.52502 0.0179405 -0.0212063)
(-1.52499 0.0179365 -0.0212016)
(-1.52499 0.0179369 -0.021202)
(-1.52502 0.0179415 -0.0212075)
(-1.52508 0.0179503 -0.0212179)
(-1.52773 0.0106021 -0.012532)
(-1.52784 0.010618 -0.0125508)
(-1.52797 0.0106367 -0.0125729)
(-1.52811 0.0106573 -0.0125973)
(-1.52826 0.0106792 -0.0126231)
(-1.52842 0.0107014 -0.0126494)
(-1.52856 0.0107231 -0.012675)
(-1.52871 0.0107435 -0.0126992)
(-1.52883 0.0107618 -0.0127208)
(-1.52894 0.0107772 -0.0127391)
(-1.52902 0.0107893 -0.0127533)
(-1.52908 0.0107975 -0.012763)
(-1.52911 0.0108015 -0.0127677)
(-1.5291 0.0108012 -0.0127673)
(-1.52907 0.0107965 -0.0127618)
(-1.52901 0.0107877 -0.0127514)
(-1.52892 0.0107751 -0.0127365)
(-1.52881 0.0107592 -0.0127177)
(-1.52868 0.0107405 -0.0126956)
(-1.52854 0.0107198 -0.0126712)
(-1.52839 0.010698 -0.0126454)
(-1.52824 0.0106758 -0.0126191)
(-1.52809 0.0106541 -0.0125935)
(-1.52795 0.0106337 -0.0125694)
(-1.52782 0.0106154 -0.0125477)
(-1.52772 0.0105999 -0.0125295)
(-1.52763 0.0105879 -0.0125152)
(-1.52758 0.0105797 -0.0125055)
(-1.52755 0.0105757 -0.0125008)
(-1.52755 0.010576 -0.0125012)
(-1.52758 0.0105806 -0.0125067)
(-1.52764 0.0105895 -0.0125171)
(-1.53029 0.00323843 -0.00382793)
(-1.5304 0.00325437 -0.00384677)
(-1.53053 0.00327302 -0.00386882)
(-1.53067 0.00329367 -0.00389322)
(-1.53082 0.00331552 -0.00391905)
(-1.53097 0.00333773 -0.00394531)
(-1.53112 0.00335945 -0.00397098)
(-1.53127 0.00337984 -0.00399509)
(-1.53139 0.00339813 -0.0040167)
(-1.5315 0.0034136 -0.00403499)
(-1.53158 0.00342566 -0.00404925)
(-1.53164 0.00343386 -0.00405893)
(-1.53167 0.00343786 -0.00406367)
(-1.53166 0.00343753 -0.00406328)
(-1.53163 0.00343287 -0.00405777)
(-1.53157 0.00342407 -0.00404736)
(-1.53148 0.00341145 -0.00403245)
(-1.53137 0.00339551 -0.0040136)
(-1.53124 0.00337686 -0.00399156)
(-1.5311 0.00335621 -0.00396715)
(-1.53095 0.00333436 -0.00394132)
(-1.5308 0.00331215 -0.00391507)
(-1.53065 0.00329043 -0.00388939)
(-1.53051 0.00327003 -0.00386529)
(-1.53038 0.00325175 -0.00384368)
(-1.53028 0.00323628 -0.00382539)
(-1.53019 0.00322421 -0.00381113)
(-1.53014 0.00321602 -0.00380144)
(-1.53011 0.00321201 -0.00379671)
(-1.53011 0.00321235 -0.0037971)
(-1.53014 0.003217 -0.00380261)
(-1.5302 0.00322581 -0.00381302)
(-1.53285 -0.00412521 0.00487614)
(-1.53296 -0.00410927 0.0048573)
(-1.53309 -0.00409062 0.00483525)
(-1.53323 -0.00406997 0.00481084)
(-1.53338 -0.00404812 0.00478502)
(-1.53353 -0.00402591 0.00475876)
(-1.53368 -0.00400419 0.00473309)
(-1.53382 -0.0039838 0.00470898)
(-1.53395 -0.00396551 0.00468737)
(-1.53406 -0.00395004 0.00466908)
(-1.53414 -0.00393798 0.00465482)
(-1.5342 -0.00392978 0.00464514)
(-1.53423 -0.00392578 0.0046404)
(-1.53422 -0.00392611 0.00464079)
(-1.53419 -0.00393077 0.0046463)
(-1.53413 -0.00393957 0.00465671)
(-1.53404 -0.00395219 0.00467162)
(-1.53393 -0.00396813 0.00469046)
(-1.5338 -0.00398678 0.00471251)
(-1.53366 -0.00400743 0.00473692)
(-1.53351 -0.00402928 0.00476274)
(-1.53336 -0.00405149 0.004789)
(-1.53321 -0.00407321 0.00481467)
(-1.53307 -0.00409361 0.00483878)
(-1.53294 -0.00411189 0.00486039)
(-1.53283 -0.00412736 0.00487868)
(-1.53275 -0.00413943 0.00489294)
(-1.5327 -0.00414762 0.00490262)
(-1.53267 -0.00415163 0.00490736)
(-1.53267 -0.0041513 0.00490697)
(-1.5327 -0.00414664 0.00490146)
(-1.53276 -0.00413783 0.00489105)
(-1.53541 -0.0114861 0.0135769)
(-1.53552 -0.0114702 0.0135581)
(-1.53565 -0.0114515 0.0135361)
(-1.53579 -0.0114309 0.0135116)
(-1.53594 -0.011409 0.0134858)
(-1.53609 -0.0113868 0.0134596)
(-1.53624 -0.0113651 0.0134339)
(-1.53638 -0.0113447 0.0134098)
(-1.53651 -0.0113264 0.0133882)
(-1.53662 -0.0113109 0.0133699)
(-1.5367 -0.0112989 0.0133556)
(-1.53676 -0.0112907 0.0133459)
(-1.53678 -0.0112867 0.0133412)
(-1.53678 -0.011287 0.0133416)
(-1.53675 -0.0112916 0.0133471)
(-1.53669 -0.0113005 0.0133575)
(-1.5366 -0.0113131 0.0133724)
(-1.53649 -0.011329 0.0133913)
(-1.53636 -0.0113477 0.0134133)
(-1.53622 -0.0113683 0.0134377)
(-1.53607 -0.0113902 0.0134635)
(-1.53592 -0.0114124 0.0134898)
(-1.53577 -0.0114341 0.0135155)
(-1.53563 -0.0114545 0.0135396)
(-1.5355 -0.0114728 0.0135612)
(-1.53539 -0.0114882 0.0135795)
(-1.53531 -0.0115003 0.0135937)
(-1.53525 -0.0115085 0.0136034)
(-1.53523 -0.0115125 0.0136082)
(-1.53523 -0.0115122 0.0136078)
(-1.53526 -0.0115075 0.0136023)
(-1.53532 -0.0114987 0.0135919)
(-1.53797 -0.0188497 0.022281)
(-1.53808 -0.0188338 0.0222622)
(-1.53821 -0.0188151 0.0222401)
(-1.53835 -0.0187945 0.0222157)
(-1.5385 -0.0187726 0.0221899)
(-1.53865 -0.0187504 0.0221636)
(-1.5388 -0.0187287 0.022138)
(-1.53894 -0.0187083 0.0221139)
(-1.53907 -0.01869 0.0220922)
(-1.53918 -0.0186746 0.022074)
(-1.53926 -0.0186625 0.0220597)
(-1.53932 -0.0186543 0.02205)
(-1.53934 -0.0186503 0.0220453)
(-1.53934 -0.0186506 0.0220457)
(-1.53931 -0.0186553 0.0220512)
(-1.53925 -0.0186641 0.0220616)
(-1.53916 -0.0186767 0.0220765)
(-1.53905 -0.0186927 0.0220953)
(-1.53892 -0.0187113 0.0221174)
(-1.53878 -0.018732 0.0221418)
(-1.53863 -0.0187538 0.0221676)
(-1.53848 -0.018776 0.0221939)
(-1.53833 -0.0187977 0.0222195)
(-1.53819 -0.0188181 0.0222436)
(-1.53806 -0.0188364 0.0222653)
(-1.53795 -0.0188519 0.0222835)
(-1.53787 -0.0188639 0.0222978)
(-1.53781 -0.0188721 0.0223075)
(-1.53779 -0.0188761 0.0223122)
(-1.53779 -0.0188758 0.0223118)
(-1.53782 -0.0188712 0.0223063)
(-1.53788 -0.0188624 0.0222959)
)
;

boundaryField
{
    left
    {
        type            calculated;
    }
    right
    {
        type            calculated;
    }
    beam
    {
        type            empty;
    }
}


// ************************************************************************* //
