/*--------------------------------*- C++ -*----------------------------------*\
| =========                 |                                                 |
| \\      /  F ield         | OpenFOAM: The Open Source CFD Toolbox           |
|  \\    /   O peration     | Version:  v2012                                 |
|   \\  /    A nd           | Website:  www.openfoam.com                      |
|    \\/     M anipulation  |                                                 |
\*---------------------------------------------------------------------------*/
FoamFile
{
    version     2.0;
    format      ascii;
    class       pointVectorField;
    location    "0/beamtwo";
    object      pointW;
}
// * * * * * * * * * * * * * * * * * * * * * * * * * * * * * * * * * * * * * //

dimensions      [0 1 0 0 0 0 0];


internalField   nonuniform List<vector> 
1952
(
(-0.000609968 8.83254e-05 0.000107035)
(-0.000696447 0.000100848 0.00012221)
(-0.000756159 0.000109494 0.000132688)
(-0.000786815 0.000113934 0.000138067)
(-0.000787233 0.000113994 0.00013814)
(-0.000757399 0.000109674 0.000132905)
(-0.000698457 0.000101139 0.000122562)
(-0.000612677 8.87177e-05 0.00010751)
(-0.000503348 7.28866e-05 8.83254e-05)
(-0.000374679 5.42548e-05 6.57471e-05)
(-0.000231608 3.35377e-05 4.06416e-05)
(-7.96407e-05 1.15322e-05 1.3975e-05)
(7.53912e-05 -1.09169e-05 -1.32293e-05)
(0.000227526 -3.29466e-05 -3.99253e-05)
(0.000370913 -5.37095e-05 -6.50863e-05)
(0.00050005 -7.2409e-05 -8.77467e-05)
(0.000609968 -8.83254e-05 -0.000107035)
(0.000696447 -0.000100848 -0.00012221)
(0.000756159 -0.000109494 -0.000132688)
(0.000786815 -0.000113934 -0.000138067)
(0.000787233 -0.000113994 -0.00013814)
(0.000757399 -0.000109674 -0.000132905)
(0.000698457 -0.000101139 -0.000122562)
(0.000612677 -8.87177e-05 -0.00010751)
(0.000503348 -7.28866e-05 -8.83254e-05)
(0.000374679 -5.42548e-05 -6.57471e-05)
(0.000231608 -3.35377e-05 -4.06416e-05)
(7.96407e-05 -1.15322e-05 -1.3975e-05)
(-7.53912e-05 1.09169e-05 1.32293e-05)
(-0.000227526 3.29466e-05 3.99253e-05)
(-0.000370913 5.37095e-05 6.50863e-05)
(-0.00050005 7.2409e-05 8.77467e-05)
(-0.00323464 -0.00725447 -0.00879112)
(-0.00332112 -0.00724195 -0.00877594)
(-0.00338083 -0.00723331 -0.00876547)
(-0.00341149 -0.00722887 -0.00876009)
(-0.00341191 -0.00722881 -0.00876001)
(-0.00338207 -0.00723313 -0.00876525)
(-0.00332313 -0.00724166 -0.00877559)
(-0.00323735 -0.00725408 -0.00879064)
(-0.00312802 -0.00726991 -0.00880983)
(-0.00299935 -0.00728854 -0.00883241)
(-0.00285628 -0.00730926 -0.00885751)
(-0.00270431 -0.00733127 -0.00888418)
(-0.00254928 -0.00735372 -0.00891138)
(-0.00239715 -0.00737575 -0.00893808)
(-0.00225376 -0.00739651 -0.00896324)
(-0.00212462 -0.00741521 -0.0089859)
(-0.00201471 -0.00743112 -0.00900519)
(-0.00192823 -0.00744365 -0.00902036)
(-0.00186851 -0.00745229 -0.00903084)
(-0.00183786 -0.00745673 -0.00903622)
(-0.00183744 -0.00745679 -0.00903629)
(-0.00186727 -0.00745247 -0.00903106)
(-0.00192622 -0.00744394 -0.00902072)
(-0.002012 -0.00743152 -0.00900566)
(-0.00212133 -0.00741569 -0.00898648)
(-0.00224999 -0.00739705 -0.0089639)
(-0.00239307 -0.00737634 -0.0089388)
(-0.00254503 -0.00735433 -0.00891213)
(-0.00270006 -0.00733188 -0.00888492)
(-0.0028522 -0.00730985 -0.00885823)
(-0.00299559 -0.00728909 -0.00883307)
(-0.00312472 -0.00727039 -0.00881041)
(-0.0058593 -0.0145972 -0.0176892)
(-0.00594578 -0.0145847 -0.0176741)
(-0.0060055 -0.0145761 -0.0176636)
(-0.00603615 -0.0145716 -0.0176582)
(-0.00603657 -0.0145716 -0.0176581)
(-0.00600674 -0.0145759 -0.0176634)
(-0.00594779 -0.0145844 -0.0176737)
(-0.00586201 -0.0145969 -0.0176888)
(-0.00575269 -0.0146127 -0.0177079)
(-0.00562402 -0.0146313 -0.0177305)
(-0.00548095 -0.014652 -0.0177556)
(-0.00532898 -0.014674 -0.0177823)
(-0.00517395 -0.0146965 -0.0178095)
(-0.00502181 -0.0147185 -0.0178362)
(-0.00487842 -0.0147393 -0.0178614)
(-0.00474929 -0.014758 -0.017884)
(-0.00463937 -0.0147739 -0.0179033)
(-0.00455289 -0.0147864 -0.0179185)
(-0.00449318 -0.0147951 -0.017929)
(-0.00446252 -0.0147995 -0.0179343)
(-0.0044621 -0.0147996 -0.0179344)
(-0.00449194 -0.0147952 -0.0179292)
(-0.00455088 -0.0147867 -0.0179188)
(-0.00463666 -0.0147743 -0.0179038)
(-0.00474599 -0.0147585 -0.0178846)
(-0.00487466 -0.0147398 -0.017862)
(-0.00501773 -0.0147191 -0.0178369)
(-0.0051697 -0.0146971 -0.0178102)
(-0.00532473 -0.0146747 -0.017783)
(-0.00547686 -0.0146526 -0.0177563)
(-0.00562025 -0.0146319 -0.0177312)
(-0.00574939 -0.0146132 -0.0177085)
(-0.00848398 -0.02194 -0.0265874)
(-0.00857046 -0.0219275 -0.0265722)
(-0.00863017 -0.0219189 -0.0265617)
(-0.00866083 -0.0219144 -0.0265564)
(-0.00866124 -0.0219144 -0.0265563)
(-0.00863141 -0.0219187 -0.0265615)
(-0.00857247 -0.0219272 -0.0265719)
(-0.00848669 -0.0219397 -0.0265869)
(-0.00837736 -0.0219555 -0.0266061)
(-0.00824869 -0.0219741 -0.0266287)
(-0.00810562 -0.0219948 -0.0266538)
(-0.00795365 -0.0220168 -0.0266805)
(-0.00779862 -0.0220393 -0.0267077)
(-0.00764648 -0.0220613 -0.0267344)
(-0.0075031 -0.0220821 -0.0267595)
(-0.00737396 -0.0221008 -0.0267822)
(-0.00726404 -0.0221167 -0.0268015)
(-0.00717756 -0.0221292 -0.0268166)
(-0.00711785 -0.0221379 -0.0268271)
(-0.00708719 -0.0221423 -0.0268325)
(-0.00708678 -0.0221424 -0.0268326)
(-0.00711661 -0.022138 -0.0268273)
(-0.00717555 -0.0221295 -0.026817)
(-0.00726133 -0.0221171 -0.0268019)
(-0.00737066 -0.0221013 -0.0267828)
(-0.00749933 -0.0220826 -0.0267602)
(-0.0076424 -0.0220619 -0.0267351)
(-0.00779437 -0.0220399 -0.0267084)
(-0.0079494 -0.0220175 -0.0266812)
(-0.00810154 -0.0219954 -0.0266545)
(-0.00824492 -0.0219747 -0.0266293)
(-0.00837406 -0.021956 -0.0266067)
(-0.0111087 -0.0292829 -0.0354856)
(-0.0111952 -0.0292704 -0.0354705)
(-0.0112549 -0.0292618 -0.03546)
(-0.0112855 -0.0292573 -0.0354546)
(-0.0112859 -0.0292573 -0.0354545)
(-0.0112561 -0.0292616 -0.0354598)
(-0.0111972 -0.0292701 -0.0354701)
(-0.0111114 -0.0292825 -0.0354852)
(-0.0110021 -0.0292984 -0.0355044)
(-0.0108734 -0.029317 -0.0355269)
(-0.0107303 -0.0293377 -0.035552)
(-0.0105784 -0.0293597 -0.0355787)
(-0.0104233 -0.0293822 -0.0356059)
(-0.0102712 -0.0294042 -0.0356326)
(-0.0101278 -0.029425 -0.0356578)
(-0.00999866 -0.0294437 -0.0356804)
(-0.00988875 -0.0294596 -0.0356997)
(-0.00980227 -0.0294721 -0.0357149)
(-0.00974255 -0.0294807 -0.0357254)
(-0.0097119 -0.0294852 -0.0357307)
(-0.00971148 -0.0294852 -0.0357308)
(-0.00974131 -0.0294809 -0.0357256)
(-0.00980026 -0.0294724 -0.0357152)
(-0.00988604 -0.02946 -0.0357002)
(-0.00999536 -0.0294441 -0.035681)
(-0.010124 -0.0294255 -0.0356584)
(-0.0102671 -0.0294048 -0.0356333)
(-0.0104191 -0.0293828 -0.0356067)
(-0.0105741 -0.0293603 -0.0355795)
(-0.0107262 -0.0293383 -0.0355528)
(-0.0108696 -0.0293175 -0.0355276)
(-0.0109988 -0.0292988 -0.0355049)
(-0.0137333 -0.0366255 -0.0443836)
(-0.0138198 -0.036613 -0.0443684)
(-0.0138795 -0.0366044 -0.0443579)
(-0.0139101 -0.0365999 -0.0443525)
(-0.0139106 -0.0365999 -0.0443525)
(-0.0138807 -0.0366042 -0.0443577)
(-0.0138218 -0.0366127 -0.044368)
(-0.013736 -0.0366251 -0.0443831)
(-0.0136267 -0.036641 -0.0444023)
(-0.013498 -0.0366596 -0.0444249)
(-0.0133549 -0.0366803 -0.04445)
(-0.013203 -0.0367023 -0.0444766)
(-0.0130479 -0.0367248 -0.0445038)
(-0.0128958 -0.0367468 -0.0445305)
(-0.0127524 -0.0367676 -0.0445557)
(-0.0126233 -0.0367863 -0.0445783)
(-0.0125133 -0.0368022 -0.0445976)
(-0.0124269 -0.0368147 -0.0446128)
(-0.0123672 -0.0368234 -0.0446233)
(-0.0123365 -0.0368278 -0.0446287)
(-0.0123361 -0.0368279 -0.0446287)
(-0.0123659 -0.0368235 -0.0446235)
(-0.0124249 -0.036815 -0.0446132)
(-0.0125106 -0.0368026 -0.0445981)
(-0.01262 -0.0367867 -0.0445789)
(-0.0127486 -0.0367681 -0.0445563)
(-0.0128917 -0.0367474 -0.0445312)
(-0.0130437 -0.0367254 -0.0445046)
(-0.0131987 -0.0367029 -0.0444774)
(-0.0133508 -0.0366809 -0.0444507)
(-0.0134942 -0.0366602 -0.0444255)
(-0.0136234 -0.0366415 -0.0444029)
(-0.016358 -0.0439684 -0.0532818)
(-0.0164445 -0.0439559 -0.0532666)
(-0.0165042 -0.0439472 -0.0532562)
(-0.0165348 -0.0439428 -0.0532508)
(-0.0165353 -0.0439427 -0.0532507)
(-0.0165054 -0.0439471 -0.053256)
(-0.0164465 -0.0439556 -0.0532663)
(-0.0163607 -0.043968 -0.0532813)
(-0.0162514 -0.0439839 -0.0533005)
(-0.0161227 -0.0440025 -0.0533231)
(-0.0159796 -0.0440232 -0.0533482)
(-0.0158277 -0.0440452 -0.0533749)
(-0.0156726 -0.0440677 -0.0534021)
(-0.0155205 -0.0440897 -0.0534288)
(-0.0153771 -0.0441105 -0.0534539)
(-0.015248 -0.0441292 -0.0534766)
(-0.0151381 -0.0441451 -0.0534959)
(-0.0150516 -0.0441576 -0.0535111)
(-0.0149919 -0.0441662 -0.0535215)
(-0.0149612 -0.0441707 -0.0535269)
(-0.0149608 -0.0441707 -0.053527)
(-0.0149906 -0.0441664 -0.0535218)
(-0.0150496 -0.0441579 -0.0535114)
(-0.0151353 -0.0441455 -0.0534964)
(-0.0152447 -0.0441296 -0.0534772)
(-0.0153733 -0.044111 -0.0534546)
(-0.0155164 -0.0440903 -0.0534295)
(-0.0156684 -0.0440683 -0.0534028)
(-0.0158234 -0.0440458 -0.0533756)
(-0.0159755 -0.0440238 -0.0533489)
(-0.0161189 -0.044003 -0.0533238)
(-0.0162481 -0.0439843 -0.0533011)
(-0.0189827 -0.0513113 -0.0621801)
(-0.0190692 -0.0512988 -0.0621649)
(-0.0191289 -0.0512901 -0.0621544)
(-0.0191595 -0.0512857 -0.062149)
(-0.01916 -0.0512856 -0.062149)
(-0.0191301 -0.0512899 -0.0621542)
(-0.0190712 -0.0512985 -0.0621645)
(-0.0189854 -0.0513109 -0.0621796)
(-0.0188761 -0.0513267 -0.0621988)
(-0.0187474 -0.0513454 -0.0622214)
(-0.0186043 -0.0513661 -0.0622465)
(-0.0184524 -0.0513881 -0.0622731)
(-0.0182973 -0.0514105 -0.0623003)
(-0.0181452 -0.0514326 -0.062327)
(-0.0180018 -0.0514533 -0.0623522)
(-0.0178727 -0.051472 -0.0623749)
(-0.0177628 -0.0514879 -0.0623941)
(-0.0176763 -0.0515005 -0.0624093)
(-0.0176166 -0.0515091 -0.0624198)
(-0.0175859 -0.0515136 -0.0624252)
(-0.0175855 -0.0515136 -0.0624252)
(-0.0176153 -0.0515093 -0.06242)
(-0.0176743 -0.0515008 -0.0624097)
(-0.01776 -0.0514883 -0.0623946)
(-0.0178694 -0.0514725 -0.0623754)
(-0.017998 -0.0514539 -0.0623529)
(-0.0181411 -0.0514332 -0.0623278)
(-0.0182931 -0.0514112 -0.0623011)
(-0.0184481 -0.0513887 -0.0622739)
(-0.0186002 -0.0513667 -0.0622472)
(-0.0187436 -0.0513459 -0.062222)
(-0.0188728 -0.0513272 -0.0621994)
(-0.0216073 -0.0586539 -0.071078)
(-0.0216938 -0.0586414 -0.0710628)
(-0.0217535 -0.0586327 -0.0710523)
(-0.0217841 -0.0586283 -0.071047)
(-0.0217846 -0.0586282 -0.0710469)
(-0.0217547 -0.0586326 -0.0710521)
(-0.0216958 -0.0586411 -0.0710625)
(-0.02161 -0.0586535 -0.0710775)
(-0.0215007 -0.0586693 -0.0710967)
(-0.021372 -0.058688 -0.0711193)
(-0.0212289 -0.0587087 -0.0711444)
(-0.021077 -0.0587307 -0.0711711)
(-0.0209219 -0.0587531 -0.0711983)
(-0.0207698 -0.0587752 -0.071225)
(-0.0206264 -0.0587959 -0.0712501)
(-0.0204973 -0.0588146 -0.0712728)
(-0.0203874 -0.0588306 -0.0712921)
(-0.0203009 -0.0588431 -0.0713072)
(-0.0202412 -0.0588517 -0.0713177)
(-0.0202105 -0.0588562 -0.0713231)
(-0.0202101 -0.0588562 -0.0713232)
(-0.0202399 -0.0588519 -0.0713179)
(-0.0202989 -0.0588434 -0.0713076)
(-0.0203847 -0.0588309 -0.0712925)
(-0.020494 -0.0588151 -0.0712734)
(-0.0206226 -0.0587965 -0.0712508)
(-0.0207657 -0.0587758 -0.0712257)
(-0.0209177 -0.0587538 -0.071199)
(-0.0210727 -0.0587313 -0.0711718)
(-0.0212249 -0.0587093 -0.0711451)
(-0.0213682 -0.0586885 -0.0711199)
(-0.0214974 -0.0586698 -0.0710973)
(-0.024232 -0.0659968 -0.0799762)
(-0.0243185 -0.0659843 -0.0799611)
(-0.0243782 -0.0659756 -0.0799506)
(-0.0244088 -0.0659712 -0.0799452)
(-0.0244093 -0.0659711 -0.0799451)
(-0.0243794 -0.0659754 -0.0799504)
(-0.0243205 -0.065984 -0.0799607)
(-0.0242347 -0.0659964 -0.0799758)
(-0.0241254 -0.0660122 -0.079995)
(-0.0239967 -0.0660309 -0.0800175)
(-0.0238536 -0.0660516 -0.0800426)
(-0.0237017 -0.0660736 -0.0800693)
(-0.0235466 -0.066096 -0.0800965)
(-0.0233945 -0.0661181 -0.0801232)
(-0.0232511 -0.0661388 -0.0801484)
(-0.023122 -0.0661575 -0.080171)
(-0.0230121 -0.0661734 -0.0801903)
(-0.0229256 -0.066186 -0.0802055)
(-0.0228659 -0.0661946 -0.080216)
(-0.0228352 -0.066199 -0.0802214)
(-0.0228348 -0.0661991 -0.0802214)
(-0.0228646 -0.0661948 -0.0802162)
(-0.0229236 -0.0661863 -0.0802058)
(-0.0230094 -0.0661738 -0.0801908)
(-0.0231187 -0.066158 -0.0801716)
(-0.0232474 -0.0661394 -0.080149)
(-0.0233904 -0.0661187 -0.0801239)
(-0.0235424 -0.0660966 -0.0800973)
(-0.0236974 -0.0660742 -0.0800701)
(-0.0238496 -0.0660522 -0.0800434)
(-0.0239929 -0.0660314 -0.0800182)
(-0.0241221 -0.0660127 -0.0799955)
(-0.0268567 -0.0733397 -0.0888745)
(-0.0269432 -0.0733271 -0.0888593)
(-0.0270029 -0.0733185 -0.0888488)
(-0.0270335 -0.0733141 -0.0888435)
(-0.027034 -0.073314 -0.0888434)
(-0.0270041 -0.0733183 -0.0888486)
(-0.0269452 -0.0733269 -0.088859)
(-0.0268594 -0.0733393 -0.088874)
(-0.0267501 -0.0733551 -0.0888932)
(-0.0266214 -0.0733737 -0.0889158)
(-0.0264783 -0.0733945 -0.0889409)
(-0.0263264 -0.0734165 -0.0889676)
(-0.0261713 -0.0734389 -0.0889948)
(-0.0260192 -0.0734609 -0.0890215)
(-0.0258758 -0.0734817 -0.0890466)
(-0.0257467 -0.0735004 -0.0890693)
(-0.0256368 -0.0735163 -0.0890886)
(-0.0255503 -0.0735288 -0.0891037)
(-0.0254906 -0.0735375 -0.0891142)
(-0.0254599 -0.0735419 -0.0891196)
(-0.0254595 -0.073542 -0.0891197)
(-0.0254893 -0.0735377 -0.0891144)
(-0.0255483 -0.0735291 -0.0891041)
(-0.0256341 -0.0735167 -0.089089)
(-0.0257434 -0.0735009 -0.0890699)
(-0.0258721 -0.0734822 -0.0890473)
(-0.0260151 -0.0734615 -0.0890222)
(-0.0261671 -0.0734395 -0.0889955)
(-0.0263221 -0.0734171 -0.0889683)
(-0.0264743 -0.073395 -0.0889416)
(-0.0266176 -0.0733743 -0.0889165)
(-0.0267468 -0.0733556 -0.0888938)
(-0.0294813 -0.0806823 -0.0977724)
(-0.0295678 -0.0806698 -0.0977572)
(-0.0296275 -0.0806611 -0.0977468)
(-0.0296582 -0.0806567 -0.0977414)
(-0.0296586 -0.0806566 -0.0977413)
(-0.0296287 -0.0806609 -0.0977466)
(-0.0295698 -0.0806695 -0.0977569)
(-0.029484 -0.0806819 -0.0977719)
(-0.0293747 -0.0806977 -0.0977911)
(-0.029246 -0.0807163 -0.0978137)
(-0.0291029 -0.0807371 -0.0978388)
(-0.028951 -0.0807591 -0.0978655)
(-0.0287959 -0.0807815 -0.0978927)
(-0.0286438 -0.0808035 -0.0979194)
(-0.0285004 -0.0808243 -0.0979445)
(-0.0283713 -0.080843 -0.0979672)
(-0.0282614 -0.0808589 -0.0979865)
(-0.0281749 -0.0808714 -0.0980017)
(-0.0281152 -0.0808801 -0.0980121)
(-0.0280845 -0.0808845 -0.0980175)
(-0.0280841 -0.0808846 -0.0980176)
(-0.0281139 -0.0808803 -0.0980124)
(-0.0281729 -0.0808717 -0.098002)
(-0.0282587 -0.0808593 -0.097987)
(-0.028368 -0.0808435 -0.0979678)
(-0.0284967 -0.0808249 -0.0979452)
(-0.0286397 -0.0808041 -0.0979201)
(-0.0287917 -0.0807821 -0.0978934)
(-0.0289467 -0.0807597 -0.0978662)
(-0.0290989 -0.0807377 -0.0978395)
(-0.0292423 -0.0807169 -0.0978144)
(-0.0293714 -0.0806982 -0.0977917)
(-0.032106 -0.0880252 -0.106671)
(-0.0321925 -0.0880126 -0.106656)
(-0.0322522 -0.088004 -0.106645)
(-0.0322829 -0.0879995 -0.10664)
(-0.0322833 -0.0879995 -0.10664)
(-0.0322534 -0.0880038 -0.106645)
(-0.0321945 -0.0880123 -0.106655)
(-0.0321087 -0.0880248 -0.10667)
(-0.0319994 -0.0880406 -0.106689)
(-0.0318707 -0.0880592 -0.106712)
(-0.0317276 -0.0880799 -0.106737)
(-0.0315757 -0.088102 -0.106764)
(-0.0314206 -0.0881244 -0.106791)
(-0.0312685 -0.0881464 -0.106818)
(-0.0311251 -0.0881672 -0.106843)
(-0.030996 -0.0881859 -0.106865)
(-0.0308861 -0.0882018 -0.106885)
(-0.0307996 -0.0882143 -0.1069)
(-0.0307399 -0.088223 -0.10691)
(-0.0307092 -0.0882274 -0.106916)
(-0.0307088 -0.0882275 -0.106916)
(-0.0307386 -0.0882232 -0.106911)
(-0.0307976 -0.0882146 -0.1069)
(-0.0308834 -0.0882022 -0.106885)
(-0.0309927 -0.0881864 -0.106866)
(-0.0311214 -0.0881677 -0.106843)
(-0.0312644 -0.088147 -0.106818)
(-0.0314164 -0.088125 -0.106792)
(-0.0315714 -0.0881026 -0.106764)
(-0.0317236 -0.0880805 -0.106738)
(-0.031867 -0.0880598 -0.106713)
(-0.0319961 -0.0880411 -0.10669)
(-0.0347307 -0.095368 -0.115569)
(-0.0348172 -0.0953555 -0.115554)
(-0.0348769 -0.0953469 -0.115543)
(-0.0349076 -0.0953424 -0.115538)
(-0.034908 -0.0953424 -0.115538)
(-0.0348781 -0.0953467 -0.115543)
(-0.0348192 -0.0953552 -0.115553)
(-0.0347334 -0.0953676 -0.115568)
(-0.0346241 -0.0953835 -0.115588)
(-0.0344954 -0.0954021 -0.11561)
(-0.0343524 -0.0954228 -0.115635)
(-0.0342004 -0.0954448 -0.115662)
(-0.0340454 -0.0954673 -0.115689)
(-0.0338932 -0.0954893 -0.115716)
(-0.0337498 -0.0955101 -0.115741)
(-0.0336207 -0.0955288 -0.115764)
(-0.0335108 -0.0955447 -0.115783)
(-0.0334243 -0.0955572 -0.115798)
(-0.0333646 -0.0955659 -0.115809)
(-0.0333339 -0.0955703 -0.115814)
(-0.0333335 -0.0955704 -0.115814)
(-0.0333633 -0.095566 -0.115809)
(-0.0334223 -0.0955575 -0.115799)
(-0.0335081 -0.0955451 -0.115783)
(-0.0336174 -0.0955293 -0.115764)
(-0.0337461 -0.0955106 -0.115742)
(-0.0338891 -0.0954899 -0.115717)
(-0.0340411 -0.0954679 -0.11569)
(-0.0341961 -0.0954454 -0.115663)
(-0.0343483 -0.0954234 -0.115636)
(-0.0344917 -0.0954027 -0.115611)
(-0.0346208 -0.095384 -0.115588)
(-0.0373553 -0.102711 -0.124467)
(-0.0374418 -0.102698 -0.124452)
(-0.0375015 -0.102689 -0.124441)
(-0.0375322 -0.102685 -0.124436)
(-0.0375326 -0.102685 -0.124436)
(-0.0375027 -0.102689 -0.124441)
(-0.0374438 -0.102698 -0.124451)
(-0.037358 -0.10271 -0.124466)
(-0.0372487 -0.102726 -0.124486)
(-0.03712 -0.102745 -0.124508)
(-0.036977 -0.102765 -0.124533)
(-0.036825 -0.102787 -0.12456)
(-0.03667 -0.10281 -0.124587)
(-0.0365178 -0.102832 -0.124614)
(-0.0363744 -0.102853 -0.124639)
(-0.0362453 -0.102871 -0.124662)
(-0.0361354 -0.102887 -0.124681)
(-0.0360489 -0.1029 -0.124696)
(-0.0359892 -0.102908 -0.124707)
(-0.0359585 -0.102913 -0.124712)
(-0.0359581 -0.102913 -0.124712)
(-0.0359879 -0.102909 -0.124707)
(-0.0360469 -0.1029 -0.124696)
(-0.0361327 -0.102888 -0.124681)
(-0.036242 -0.102872 -0.124662)
(-0.0363707 -0.102853 -0.12464)
(-0.0365137 -0.102833 -0.124615)
(-0.0366657 -0.102811 -0.124588)
(-0.0368207 -0.102788 -0.124561)
(-0.0369729 -0.102766 -0.124534)
(-0.0371163 -0.102745 -0.124509)
(-0.0372454 -0.102727 -0.124486)
(-0.03998 -0.110054 -0.133365)
(-0.0400665 -0.110041 -0.13335)
(-0.0401262 -0.110032 -0.133339)
(-0.0401569 -0.110028 -0.133334)
(-0.0401573 -0.110028 -0.133334)
(-0.0401274 -0.110032 -0.133339)
(-0.0400685 -0.110041 -0.13335)
(-0.0399827 -0.110053 -0.133365)
(-0.0398734 -0.110069 -0.133384)
(-0.0397447 -0.110088 -0.133406)
(-0.0396017 -0.110108 -0.133431)
(-0.0394497 -0.11013 -0.133458)
(-0.0392947 -0.110153 -0.133485)
(-0.0391425 -0.110175 -0.133512)
(-0.0389991 -0.110196 -0.133537)
(-0.03887 -0.110214 -0.13356)
(-0.0387601 -0.11023 -0.133579)
(-0.0386736 -0.110243 -0.133594)
(-0.0386139 -0.110251 -0.133605)
(-0.0385832 -0.110256 -0.13361)
(-0.0385828 -0.110256 -0.13361)
(-0.0386127 -0.110252 -0.133605)
(-0.0386716 -0.110243 -0.133595)
(-0.0387574 -0.110231 -0.13358)
(-0.0388667 -0.110215 -0.13356)
(-0.0389954 -0.110196 -0.133538)
(-0.0391384 -0.110175 -0.133513)
(-0.0392904 -0.110153 -0.133486)
(-0.0394454 -0.110131 -0.133459)
(-0.0395976 -0.110109 -0.133432)
(-0.039741 -0.110088 -0.133407)
(-0.0398701 -0.110069 -0.133384)
(-0.0426047 -0.117396 -0.142263)
(-0.0426912 -0.117384 -0.142248)
(-0.0427509 -0.117375 -0.142238)
(-0.0427816 -0.117371 -0.142232)
(-0.042782 -0.117371 -0.142232)
(-0.0427522 -0.117375 -0.142237)
(-0.0426932 -0.117384 -0.142248)
(-0.0426074 -0.117396 -0.142263)
(-0.0424981 -0.117412 -0.142282)
(-0.0423694 -0.11743 -0.142305)
(-0.0422264 -0.117451 -0.14233)
(-0.0420744 -0.117473 -0.142356)
(-0.0419194 -0.117496 -0.142384)
(-0.0417672 -0.117518 -0.14241)
(-0.0416238 -0.117538 -0.142435)
(-0.0414947 -0.117557 -0.142458)
(-0.0413848 -0.117573 -0.142477)
(-0.0412983 -0.117586 -0.142493)
(-0.0412386 -0.117594 -0.142503)
(-0.0412079 -0.117599 -0.142508)
(-0.0412075 -0.117599 -0.142509)
(-0.0412374 -0.117594 -0.142503)
(-0.0412963 -0.117586 -0.142493)
(-0.0413821 -0.117573 -0.142478)
(-0.0414914 -0.117558 -0.142459)
(-0.0416201 -0.117539 -0.142436)
(-0.0417631 -0.117518 -0.142411)
(-0.0419151 -0.117496 -0.142384)
(-0.0420701 -0.117474 -0.142357)
(-0.0422223 -0.117452 -0.14233)
(-0.0423657 -0.117431 -0.142305)
(-0.0424948 -0.117412 -0.142283)
(-0.0452293 -0.124739 -0.151161)
(-0.0453158 -0.124726 -0.151146)
(-0.0453755 -0.124718 -0.151136)
(-0.0454062 -0.124713 -0.15113)
(-0.0454066 -0.124713 -0.15113)
(-0.0453768 -0.124718 -0.151135)
(-0.0453178 -0.124726 -0.151146)
(-0.045232 -0.124739 -0.151161)
(-0.0451227 -0.124754 -0.15118)
(-0.044994 -0.124773 -0.151203)
(-0.044851 -0.124794 -0.151228)
(-0.044699 -0.124816 -0.151254)
(-0.044544 -0.124838 -0.151282)
(-0.0443918 -0.12486 -0.151308)
(-0.0442484 -0.124881 -0.151333)
(-0.0441193 -0.1249 -0.151356)
(-0.0440094 -0.124916 -0.151375)
(-0.0439229 -0.124928 -0.151391)
(-0.0438632 -0.124937 -0.151401)
(-0.0438325 -0.124941 -0.151406)
(-0.0438321 -0.124941 -0.151406)
(-0.043862 -0.124937 -0.151401)
(-0.0439209 -0.124928 -0.151391)
(-0.0440067 -0.124916 -0.151376)
(-0.044116 -0.1249 -0.151357)
(-0.0442447 -0.124882 -0.151334)
(-0.0443878 -0.124861 -0.151309)
(-0.0445397 -0.124839 -0.151282)
(-0.0446947 -0.124816 -0.151255)
(-0.0448469 -0.124794 -0.151228)
(-0.0449903 -0.124774 -0.151203)
(-0.0451194 -0.124755 -0.151181)
(-0.047854 -0.132082 -0.16006)
(-0.0479405 -0.132069 -0.160044)
(-0.0480002 -0.132061 -0.160034)
(-0.0480309 -0.132056 -0.160028)
(-0.0480313 -0.132056 -0.160028)
(-0.0480015 -0.132061 -0.160034)
(-0.0479425 -0.132069 -0.160044)
(-0.0478567 -0.132082 -0.160059)
(-0.0477474 -0.132097 -0.160078)
(-0.0476187 -0.132116 -0.160101)
(-0.0474757 -0.132137 -0.160126)
(-0.0473237 -0.132159 -0.160153)
(-0.0471687 -0.132181 -0.16018)
(-0.0470165 -0.132203 -0.160206)
(-0.0468731 -0.132224 -0.160232)
(-0.046744 -0.132243 -0.160254)
(-0.0466341 -0.132259 -0.160274)
(-0.0465476 -0.132271 -0.160289)
(-0.0464879 -0.13228 -0.160299)
(-0.0464572 -0.132284 -0.160305)
(-0.0464568 -0.132284 -0.160305)
(-0.0464867 -0.13228 -0.160299)
(-0.0465456 -0.132271 -0.160289)
(-0.0466314 -0.132259 -0.160274)
(-0.0467407 -0.132243 -0.160255)
(-0.0468694 -0.132224 -0.160232)
(-0.0470125 -0.132204 -0.160207)
(-0.0471644 -0.132182 -0.160181)
(-0.0473195 -0.132159 -0.160153)
(-0.0474716 -0.132137 -0.160127)
(-0.047615 -0.132117 -0.160101)
(-0.0477441 -0.132098 -0.160079)
(-0.0504787 -0.139425 -0.168958)
(-0.0505652 -0.139412 -0.168943)
(-0.0506249 -0.139404 -0.168932)
(-0.0506556 -0.139399 -0.168927)
(-0.050656 -0.139399 -0.168927)
(-0.0506262 -0.139403 -0.168932)
(-0.0505672 -0.139412 -0.168942)
(-0.0504814 -0.139424 -0.168957)
(-0.0503721 -0.13944 -0.168976)
(-0.0502434 -0.139459 -0.168999)
(-0.0501004 -0.13948 -0.169024)
(-0.0499484 -0.139502 -0.169051)
(-0.0497934 -0.139524 -0.169078)
(-0.0496412 -0.139546 -0.169105)
(-0.0494979 -0.139567 -0.16913)
(-0.0493687 -0.139586 -0.169153)
(-0.0492588 -0.139601 -0.169172)
(-0.0491723 -0.139614 -0.169187)
(-0.0491126 -0.139623 -0.169198)
(-0.0490819 -0.139627 -0.169203)
(-0.0490815 -0.139627 -0.169203)
(-0.0491114 -0.139623 -0.169198)
(-0.0491703 -0.139614 -0.169187)
(-0.0492561 -0.139602 -0.169172)
(-0.0493654 -0.139586 -0.169153)
(-0.0494941 -0.139567 -0.169131)
(-0.0496372 -0.139547 -0.169105)
(-0.0497891 -0.139525 -0.169079)
(-0.0499442 -0.139502 -0.169052)
(-0.0500963 -0.13948 -0.169025)
(-0.0502397 -0.139459 -0.169)
(-0.0503688 -0.139441 -0.168977)
(-0.0531033 -0.146767 -0.177856)
(-0.0531898 -0.146755 -0.177841)
(-0.0532495 -0.146746 -0.17783)
(-0.0532802 -0.146742 -0.177825)
(-0.0532806 -0.146742 -0.177825)
(-0.0532508 -0.146746 -0.17783)
(-0.0531918 -0.146755 -0.17784)
(-0.053106 -0.146767 -0.177855)
(-0.0529967 -0.146783 -0.177874)
(-0.052868 -0.146801 -0.177897)
(-0.052725 -0.146822 -0.177922)
(-0.052573 -0.146844 -0.177949)
(-0.052418 -0.146867 -0.177976)
(-0.0522658 -0.146889 -0.178003)
(-0.0521225 -0.146909 -0.178028)
(-0.0519933 -0.146928 -0.17805)
(-0.0518834 -0.146944 -0.17807)
(-0.0517969 -0.146957 -0.178085)
(-0.0517372 -0.146965 -0.178095)
(-0.0517066 -0.14697 -0.178101)
(-0.0517061 -0.14697 -0.178101)
(-0.051736 -0.146965 -0.178096)
(-0.0517949 -0.146957 -0.178085)
(-0.0518807 -0.146944 -0.17807)
(-0.05199 -0.146929 -0.178051)
(-0.0521187 -0.14691 -0.178028)
(-0.0522618 -0.146889 -0.178003)
(-0.0524137 -0.146867 -0.177977)
(-0.0525688 -0.146845 -0.17795)
(-0.0527209 -0.146823 -0.177923)
(-0.0528643 -0.146802 -0.177898)
(-0.0529934 -0.146783 -0.177875)
(-0.055728 -0.15411 -0.186754)
(-0.0558145 -0.154098 -0.186739)
(-0.0558742 -0.154089 -0.186728)
(-0.0559049 -0.154085 -0.186723)
(-0.0559053 -0.154085 -0.186723)
(-0.0558755 -0.154089 -0.186728)
(-0.0558165 -0.154097 -0.186738)
(-0.0557307 -0.15411 -0.186753)
(-0.0556214 -0.154126 -0.186773)
(-0.0554928 -0.154144 -0.186795)
(-0.0553497 -0.154165 -0.18682)
(-0.0551977 -0.154187 -0.186847)
(-0.0550427 -0.15421 -0.186874)
(-0.0548905 -0.154232 -0.186901)
(-0.0547472 -0.154252 -0.186926)
(-0.054618 -0.154271 -0.186949)
(-0.0545081 -0.154287 -0.186968)
(-0.0544216 -0.154299 -0.186983)
(-0.0543619 -0.154308 -0.186994)
(-0.0543313 -0.154313 -0.186999)
(-0.0543308 -0.154313 -0.186999)
(-0.0543607 -0.154308 -0.186994)
(-0.0544196 -0.1543 -0.186984)
(-0.0545054 -0.154287 -0.186969)
(-0.0546147 -0.154271 -0.186949)
(-0.0547434 -0.154253 -0.186927)
(-0.0548865 -0.154232 -0.186902)
(-0.0550384 -0.15421 -0.186875)
(-0.0551935 -0.154188 -0.186848)
(-0.0553456 -0.154166 -0.186821)
(-0.055489 -0.154145 -0.186796)
(-0.0556181 -0.154126 -0.186773)
(-0.0583527 -0.161453 -0.195652)
(-0.0584392 -0.161441 -0.195637)
(-0.0584989 -0.161432 -0.195627)
(-0.0585296 -0.161428 -0.195621)
(-0.05853 -0.161427 -0.195621)
(-0.0585002 -0.161432 -0.195626)
(-0.0584412 -0.16144 -0.195637)
(-0.0583555 -0.161453 -0.195652)
(-0.0582461 -0.161469 -0.195671)
(-0.0581175 -0.161487 -0.195694)
(-0.0579744 -0.161508 -0.195719)
(-0.0578224 -0.16153 -0.195745)
(-0.0576674 -0.161552 -0.195772)
(-0.0575152 -0.161574 -0.195799)
(-0.0573719 -0.161595 -0.195824)
(-0.0572427 -0.161614 -0.195847)
(-0.0571328 -0.16163 -0.195866)
(-0.0570463 -0.161642 -0.195881)
(-0.0569866 -0.161651 -0.195892)
(-0.056956 -0.161655 -0.195897)
(-0.0569555 -0.161655 -0.195897)
(-0.0569854 -0.161651 -0.195892)
(-0.0570443 -0.161643 -0.195882)
(-0.0571301 -0.16163 -0.195867)
(-0.0572394 -0.161614 -0.195848)
(-0.0573681 -0.161596 -0.195825)
(-0.0575112 -0.161575 -0.1958)
(-0.0576631 -0.161553 -0.195773)
(-0.0578182 -0.161531 -0.195746)
(-0.0579703 -0.161509 -0.195719)
(-0.0581137 -0.161488 -0.195694)
(-0.0582428 -0.161469 -0.195672)
(-0.0609773 -0.168796 -0.20455)
(-0.0610638 -0.168783 -0.204535)
(-0.0611235 -0.168775 -0.204524)
(-0.0611542 -0.16877 -0.204519)
(-0.0611546 -0.16877 -0.204519)
(-0.0611248 -0.168774 -0.204524)
(-0.0610658 -0.168783 -0.204535)
(-0.0609801 -0.168795 -0.20455)
(-0.0608707 -0.168811 -0.204569)
(-0.0607421 -0.16883 -0.204591)
(-0.060599 -0.168851 -0.204617)
(-0.060447 -0.168873 -0.204643)
(-0.060292 -0.168895 -0.20467)
(-0.0601399 -0.168917 -0.204697)
(-0.0599965 -0.168938 -0.204722)
(-0.0598673 -0.168956 -0.204745)
(-0.0597574 -0.168972 -0.204764)
(-0.0596709 -0.168985 -0.204779)
(-0.0596112 -0.168994 -0.20479)
(-0.0595806 -0.168998 -0.204795)
(-0.0595801 -0.168998 -0.204795)
(-0.05961 -0.168994 -0.20479)
(-0.0596689 -0.168985 -0.20478)
(-0.0597547 -0.168973 -0.204765)
(-0.059864 -0.168957 -0.204745)
(-0.0599927 -0.168938 -0.204723)
(-0.0601358 -0.168918 -0.204698)
(-0.0602877 -0.168896 -0.204671)
(-0.0604428 -0.168873 -0.204644)
(-0.0605949 -0.168851 -0.204617)
(-0.0607383 -0.16883 -0.204592)
(-0.0608674 -0.168812 -0.204569)
(-0.063602 -0.176139 -0.213448)
(-0.0636885 -0.176126 -0.213433)
(-0.0637482 -0.176117 -0.213423)
(-0.0637789 -0.176113 -0.213417)
(-0.0637793 -0.176113 -0.213417)
(-0.0637495 -0.176117 -0.213423)
(-0.0636905 -0.176126 -0.213433)
(-0.0636048 -0.176138 -0.213448)
(-0.0634954 -0.176154 -0.213467)
(-0.0633668 -0.176173 -0.21349)
(-0.0632237 -0.176193 -0.213515)
(-0.0630717 -0.176215 -0.213541)
(-0.0629167 -0.176238 -0.213569)
(-0.0627646 -0.17626 -0.213595)
(-0.0626212 -0.176281 -0.213621)
(-0.062492 -0.176299 -0.213643)
(-0.0623821 -0.176315 -0.213662)
(-0.0622956 -0.176328 -0.213678)
(-0.0622359 -0.176336 -0.213688)
(-0.0622053 -0.176341 -0.213693)
(-0.0622048 -0.176341 -0.213694)
(-0.0622347 -0.176337 -0.213688)
(-0.0622936 -0.176328 -0.213678)
(-0.0623794 -0.176316 -0.213663)
(-0.0624887 -0.1763 -0.213644)
(-0.0626174 -0.176281 -0.213621)
(-0.0627605 -0.176261 -0.213596)
(-0.0629124 -0.176238 -0.213569)
(-0.0630675 -0.176216 -0.213542)
(-0.0632196 -0.176194 -0.213515)
(-0.063363 -0.176173 -0.21349)
(-0.0634921 -0.176155 -0.213468)
(-0.0662268 -0.183482 -0.222347)
(-0.0663132 -0.183469 -0.222331)
(-0.0663729 -0.18346 -0.222321)
(-0.0664036 -0.183456 -0.222316)
(-0.066404 -0.183456 -0.222316)
(-0.0663742 -0.18346 -0.222321)
(-0.0663152 -0.183469 -0.222331)
(-0.0662295 -0.183481 -0.222346)
(-0.0661201 -0.183497 -0.222365)
(-0.0659915 -0.183516 -0.222388)
(-0.0658484 -0.183536 -0.222413)
(-0.0656964 -0.183558 -0.22244)
(-0.0655414 -0.183581 -0.222467)
(-0.0653893 -0.183603 -0.222494)
(-0.0652459 -0.183624 -0.222519)
(-0.0651167 -0.183642 -0.222541)
(-0.0650068 -0.183658 -0.222561)
(-0.0649203 -0.183671 -0.222576)
(-0.0648606 -0.183679 -0.222586)
(-0.06483 -0.183684 -0.222592)
(-0.0648296 -0.183684 -0.222592)
(-0.0648594 -0.18368 -0.222587)
(-0.0649183 -0.183671 -0.222576)
(-0.0650041 -0.183659 -0.222561)
(-0.0651134 -0.183643 -0.222542)
(-0.0652421 -0.183624 -0.222519)
(-0.0653852 -0.183603 -0.222494)
(-0.0655371 -0.183581 -0.222468)
(-0.0656922 -0.183559 -0.22244)
(-0.0658443 -0.183537 -0.222414)
(-0.0659877 -0.183516 -0.222389)
(-0.0661168 -0.183497 -0.222366)
(-0.0688514 -0.190824 -0.231245)
(-0.0689378 -0.190812 -0.231229)
(-0.0689975 -0.190803 -0.231219)
(-0.0690282 -0.190799 -0.231214)
(-0.0690286 -0.190798 -0.231213)
(-0.0689988 -0.190803 -0.231219)
(-0.0689398 -0.190811 -0.231229)
(-0.0688541 -0.190824 -0.231244)
(-0.0687447 -0.19084 -0.231263)
(-0.0686161 -0.190858 -0.231286)
(-0.068473 -0.190879 -0.231311)
(-0.068321 -0.190901 -0.231338)
(-0.068166 -0.190923 -0.231365)
(-0.0680139 -0.190945 -0.231392)
(-0.0678705 -0.190966 -0.231417)
(-0.0677413 -0.190985 -0.231439)
(-0.0676314 -0.191001 -0.231459)
(-0.0675449 -0.191013 -0.231474)
(-0.0674852 -0.191022 -0.231484)
(-0.0674546 -0.191026 -0.23149)
(-0.0674542 -0.191026 -0.23149)
(-0.067484 -0.191022 -0.231485)
(-0.0675429 -0.191014 -0.231474)
(-0.0676287 -0.191001 -0.231459)
(-0.067738 -0.190985 -0.23144)
(-0.0678667 -0.190967 -0.231417)
(-0.0680098 -0.190946 -0.231392)
(-0.0681617 -0.190924 -0.231366)
(-0.0683168 -0.190902 -0.231338)
(-0.0684689 -0.19088 -0.231312)
(-0.0686123 -0.190859 -0.231287)
(-0.0687414 -0.19084 -0.231264)
(-0.0714761 -0.198167 -0.240143)
(-0.0715625 -0.198154 -0.240128)
(-0.0716223 -0.198146 -0.240117)
(-0.0716529 -0.198141 -0.240112)
(-0.0716533 -0.198141 -0.240112)
(-0.0716235 -0.198146 -0.240117)
(-0.0715645 -0.198154 -0.240127)
(-0.0714788 -0.198167 -0.240142)
(-0.0713694 -0.198182 -0.240162)
(-0.0712408 -0.198201 -0.240184)
(-0.0710977 -0.198222 -0.240209)
(-0.0709457 -0.198244 -0.240236)
(-0.0707907 -0.198266 -0.240263)
(-0.0706386 -0.198288 -0.24029)
(-0.0704952 -0.198309 -0.240315)
(-0.070366 -0.198328 -0.240338)
(-0.0702561 -0.198344 -0.240357)
(-0.0701696 -0.198356 -0.240372)
(-0.0701099 -0.198365 -0.240383)
(-0.0700793 -0.198369 -0.240388)
(-0.0700789 -0.198369 -0.240388)
(-0.0701087 -0.198365 -0.240383)
(-0.0701676 -0.198356 -0.240372)
(-0.0702534 -0.198344 -0.240357)
(-0.0703627 -0.198328 -0.240338)
(-0.0704914 -0.19831 -0.240316)
(-0.0706345 -0.198289 -0.24029)
(-0.0707865 -0.198267 -0.240264)
(-0.0709415 -0.198244 -0.240237)
(-0.0710936 -0.198222 -0.24021)
(-0.071237 -0.198202 -0.240185)
(-0.0713661 -0.198183 -0.240162)
(-0.0741008 -0.20551 -0.249041)
(-0.0741872 -0.205497 -0.249026)
(-0.074247 -0.205489 -0.249015)
(-0.0742776 -0.205484 -0.24901)
(-0.074278 -0.205484 -0.24901)
(-0.0742482 -0.205489 -0.249015)
(-0.0741893 -0.205497 -0.249026)
(-0.0741035 -0.20551 -0.249041)
(-0.0739941 -0.205525 -0.24906)
(-0.0738655 -0.205544 -0.249082)
(-0.0737224 -0.205565 -0.249107)
(-0.0735704 -0.205587 -0.249134)
(-0.0734154 -0.205609 -0.249161)
(-0.0732633 -0.205631 -0.249188)
(-0.0731199 -0.205652 -0.249213)
(-0.0729907 -0.205671 -0.249236)
(-0.0728808 -0.205687 -0.249255)
(-0.0727943 -0.205699 -0.24927)
(-0.0727346 -0.205708 -0.249281)
(-0.072704 -0.205712 -0.249286)
(-0.0727036 -0.205712 -0.249286)
(-0.0727334 -0.205708 -0.249281)
(-0.0727923 -0.205699 -0.249271)
(-0.0728781 -0.205687 -0.249256)
(-0.0729874 -0.205671 -0.249236)
(-0.0731161 -0.205652 -0.249214)
(-0.0732592 -0.205632 -0.249189)
(-0.0734112 -0.20561 -0.249162)
(-0.0735662 -0.205587 -0.249135)
(-0.0737183 -0.205565 -0.249108)
(-0.0738617 -0.205545 -0.249083)
(-0.0739908 -0.205526 -0.24906)
(-0.0767254 -0.212853 -0.257939)
(-0.0768118 -0.21284 -0.257924)
(-0.0768716 -0.212831 -0.257913)
(-0.0769022 -0.212827 -0.257908)
(-0.0769026 -0.212827 -0.257908)
(-0.0768728 -0.212831 -0.257913)
(-0.0768139 -0.21284 -0.257923)
(-0.0767281 -0.212852 -0.257939)
(-0.0766187 -0.212868 -0.257958)
(-0.0764901 -0.212887 -0.25798)
(-0.076347 -0.212907 -0.258005)
(-0.076195 -0.212929 -0.258032)
(-0.07604 -0.212952 -0.258059)
(-0.0758879 -0.212974 -0.258086)
(-0.0757445 -0.212995 -0.258111)
(-0.0756153 -0.213013 -0.258134)
(-0.0755054 -0.213029 -0.258153)
(-0.075419 -0.213042 -0.258168)
(-0.0753592 -0.21305 -0.258179)
(-0.0753286 -0.213055 -0.258184)
(-0.0753282 -0.213055 -0.258184)
(-0.075358 -0.213051 -0.258179)
(-0.0754169 -0.213042 -0.258169)
(-0.0755027 -0.21303 -0.258154)
(-0.0756121 -0.213014 -0.258134)
(-0.0757407 -0.212995 -0.258112)
(-0.0758838 -0.212974 -0.258087)
(-0.0760358 -0.212952 -0.25806)
(-0.0761908 -0.21293 -0.258033)
(-0.0763429 -0.212908 -0.258006)
(-0.0764863 -0.212887 -0.257981)
(-0.0766154 -0.212868 -0.257958)
(-0.0793501 -0.220195 -0.266837)
(-0.0794365 -0.220183 -0.266822)
(-0.0794963 -0.220174 -0.266812)
(-0.0795269 -0.22017 -0.266806)
(-0.0795273 -0.22017 -0.266806)
(-0.0794975 -0.220174 -0.266811)
(-0.0794386 -0.220183 -0.266822)
(-0.0793528 -0.220195 -0.266837)
(-0.0792435 -0.220211 -0.266856)
(-0.0791148 -0.220229 -0.266879)
(-0.0789717 -0.22025 -0.266904)
(-0.0788197 -0.220272 -0.26693)
(-0.0786647 -0.220295 -0.266958)
(-0.0785126 -0.220317 -0.266984)
(-0.0783692 -0.220337 -0.267009)
(-0.0782401 -0.220356 -0.267032)
(-0.0781301 -0.220372 -0.267051)
(-0.0780437 -0.220385 -0.267066)
(-0.0779839 -0.220393 -0.267077)
(-0.0779533 -0.220398 -0.267082)
(-0.0779529 -0.220398 -0.267082)
(-0.0779827 -0.220393 -0.267077)
(-0.0780416 -0.220385 -0.267067)
(-0.0781274 -0.220372 -0.267052)
(-0.0782368 -0.220357 -0.267033)
(-0.0783654 -0.220338 -0.26701)
(-0.0785085 -0.220317 -0.266985)
(-0.0786605 -0.220295 -0.266958)
(-0.0788155 -0.220273 -0.266931)
(-0.0789676 -0.220251 -0.266904)
(-0.079111 -0.22023 -0.266879)
(-0.0792402 -0.220211 -0.266857)
(-0.0819748 -0.227538 -0.275735)
(-0.0820613 -0.227526 -0.27572)
(-0.082121 -0.227517 -0.27571)
(-0.0821516 -0.227513 -0.275704)
(-0.082152 -0.227513 -0.275704)
(-0.0821222 -0.227517 -0.27571)
(-0.0820633 -0.227525 -0.27572)
(-0.0819775 -0.227538 -0.275735)
(-0.0818682 -0.227554 -0.275754)
(-0.0817395 -0.227572 -0.275777)
(-0.0815964 -0.227593 -0.275802)
(-0.0814444 -0.227615 -0.275829)
(-0.0812894 -0.227638 -0.275856)
(-0.0811373 -0.22766 -0.275882)
(-0.0809939 -0.22768 -0.275908)
(-0.0808648 -0.227699 -0.27593)
(-0.0807548 -0.227715 -0.27595)
(-0.0806684 -0.227727 -0.275965)
(-0.0806086 -0.227736 -0.275975)
(-0.080578 -0.227741 -0.275981)
(-0.0805776 -0.227741 -0.275981)
(-0.0806074 -0.227736 -0.275975)
(-0.0806663 -0.227728 -0.275965)
(-0.0807521 -0.227715 -0.27595)
(-0.0808615 -0.227699 -0.275931)
(-0.0809901 -0.227681 -0.275908)
(-0.0811332 -0.22766 -0.275883)
(-0.0812852 -0.227638 -0.275857)
(-0.0814402 -0.227616 -0.275829)
(-0.0815923 -0.227594 -0.275803)
(-0.0817357 -0.227573 -0.275777)
(-0.0818649 -0.227554 -0.275755)
(-0.0845994 -0.234881 -0.284633)
(-0.0846859 -0.234868 -0.284618)
(-0.0847456 -0.23486 -0.284608)
(-0.0847762 -0.234855 -0.284602)
(-0.0847766 -0.234855 -0.284602)
(-0.0847468 -0.23486 -0.284608)
(-0.0846879 -0.234868 -0.284618)
(-0.0846021 -0.23488 -0.284633)
(-0.0844928 -0.234896 -0.284652)
(-0.0843641 -0.234915 -0.284675)
(-0.084221 -0.234936 -0.2847)
(-0.084069 -0.234958 -0.284726)
(-0.083914 -0.23498 -0.284754)
(-0.0837619 -0.235002 -0.28478)
(-0.0836185 -0.235023 -0.284806)
(-0.0834894 -0.235042 -0.284828)
(-0.0833794 -0.235058 -0.284847)
(-0.083293 -0.23507 -0.284863)
(-0.0832333 -0.235079 -0.284873)
(-0.0832026 -0.235083 -0.284879)
(-0.0832022 -0.235083 -0.284879)
(-0.083232 -0.235079 -0.284873)
(-0.083291 -0.23507 -0.284863)
(-0.0833767 -0.235058 -0.284848)
(-0.0834861 -0.235042 -0.284829)
(-0.0836147 -0.235023 -0.284806)
(-0.0837578 -0.235003 -0.284781)
(-0.0839098 -0.234981 -0.284754)
(-0.0840648 -0.234958 -0.284727)
(-0.0842169 -0.234936 -0.284701)
(-0.0843603 -0.234915 -0.284675)
(-0.0844895 -0.234897 -0.284653)
(-0.0872241 -0.242224 -0.293532)
(-0.0873106 -0.242211 -0.293516)
(-0.0873703 -0.242203 -0.293506)
(-0.0874009 -0.242198 -0.293501)
(-0.0874013 -0.242198 -0.293501)
(-0.0873715 -0.242202 -0.293506)
(-0.0873126 -0.242211 -0.293516)
(-0.0872268 -0.242223 -0.293531)
(-0.0871175 -0.242239 -0.29355)
(-0.0869888 -0.242258 -0.293573)
(-0.0868457 -0.242279 -0.293598)
(-0.0866938 -0.242301 -0.293625)
(-0.0865387 -0.242323 -0.293652)
(-0.0863866 -0.242345 -0.293679)
(-0.0862432 -0.242366 -0.293704)
(-0.0861141 -0.242384 -0.293726)
(-0.0860041 -0.2424 -0.293746)
(-0.0859177 -0.242413 -0.293761)
(-0.085858 -0.242422 -0.293771)
(-0.0858273 -0.242426 -0.293777)
(-0.0858269 -0.242426 -0.293777)
(-0.0858567 -0.242422 -0.293772)
(-0.0859157 -0.242413 -0.293761)
(-0.0860014 -0.242401 -0.293746)
(-0.0861108 -0.242385 -0.293727)
(-0.0862394 -0.242366 -0.293704)
(-0.0863825 -0.242346 -0.293679)
(-0.0865345 -0.242324 -0.293653)
(-0.0866895 -0.242301 -0.293625)
(-0.0868416 -0.242279 -0.293599)
(-0.086985 -0.242258 -0.293574)
(-0.0871142 -0.24224 -0.293551)
(-0.0898488 -0.249567 -0.30243)
(-0.0899353 -0.249554 -0.302415)
(-0.089995 -0.249545 -0.302404)
(-0.0900256 -0.249541 -0.302399)
(-0.090026 -0.249541 -0.302399)
(-0.0899962 -0.249545 -0.302404)
(-0.0899373 -0.249554 -0.302414)
(-0.0898515 -0.249566 -0.302429)
(-0.0897422 -0.249582 -0.302449)
(-0.0896135 -0.249601 -0.302471)
(-0.0894704 -0.249621 -0.302496)
(-0.0893185 -0.249643 -0.302523)
(-0.0891634 -0.249666 -0.30255)
(-0.0890113 -0.249688 -0.302577)
(-0.0888679 -0.249709 -0.302602)
(-0.0887388 -0.249727 -0.302625)
(-0.0886288 -0.249743 -0.302644)
(-0.0885424 -0.249756 -0.302659)
(-0.0884827 -0.249764 -0.30267)
(-0.088452 -0.249769 -0.302675)
(-0.0884516 -0.249769 -0.302675)
(-0.0884814 -0.249765 -0.30267)
(-0.0885404 -0.249756 -0.30266)
(-0.0886261 -0.249744 -0.302644)
(-0.0887355 -0.249728 -0.302625)
(-0.0888641 -0.249709 -0.302603)
(-0.0890072 -0.249688 -0.302578)
(-0.0891592 -0.249666 -0.302551)
(-0.0893142 -0.249644 -0.302524)
(-0.0894663 -0.249622 -0.302497)
(-0.0896097 -0.249601 -0.302472)
(-0.0897389 -0.249583 -0.302449)
(-0.0924734 -0.256909 -0.311328)
(-0.0925599 -0.256897 -0.311313)
(-0.0926196 -0.256888 -0.311302)
(-0.0926502 -0.256884 -0.311297)
(-0.0926507 -0.256884 -0.311297)
(-0.0926208 -0.256888 -0.311302)
(-0.0925619 -0.256896 -0.311312)
(-0.0924761 -0.256909 -0.311327)
(-0.0923668 -0.256925 -0.311347)
(-0.0922381 -0.256943 -0.311369)
(-0.092095 -0.256964 -0.311394)
(-0.0919431 -0.256986 -0.311421)
(-0.091788 -0.257008 -0.311448)
(-0.0916359 -0.257031 -0.311475)
(-0.0914925 -0.257051 -0.3115)
(-0.0913634 -0.25707 -0.311523)
(-0.0912535 -0.257086 -0.311542)
(-0.091167 -0.257098 -0.311557)
(-0.0911073 -0.257107 -0.311568)
(-0.0910766 -0.257112 -0.311573)
(-0.0910762 -0.257112 -0.311573)
(-0.091106 -0.257107 -0.311568)
(-0.091165 -0.257099 -0.311557)
(-0.0912507 -0.257086 -0.311542)
(-0.0913601 -0.25707 -0.311523)
(-0.0914887 -0.257052 -0.311501)
(-0.0916318 -0.257031 -0.311476)
(-0.0917838 -0.257009 -0.311449)
(-0.0919388 -0.256987 -0.311422)
(-0.0920909 -0.256965 -0.311395)
(-0.0922343 -0.256944 -0.31137)
(-0.0923635 -0.256925 -0.311347)
(-0.0950981 -0.264252 -0.320226)
(-0.0951846 -0.26424 -0.320211)
(-0.0952443 -0.264231 -0.3202)
(-0.0952749 -0.264227 -0.320195)
(-0.0952754 -0.264226 -0.320195)
(-0.0952455 -0.264231 -0.3202)
(-0.0951866 -0.264239 -0.320211)
(-0.0951008 -0.264252 -0.320226)
(-0.0949915 -0.264268 -0.320245)
(-0.0948628 -0.264286 -0.320267)
(-0.0947197 -0.264307 -0.320292)
(-0.0945678 -0.264329 -0.320319)
(-0.0944127 -0.264351 -0.320346)
(-0.0942606 -0.264373 -0.320373)
(-0.0941172 -0.264394 -0.320398)
(-0.0939881 -0.264413 -0.320421)
(-0.0938782 -0.264429 -0.32044)
(-0.0937917 -0.264441 -0.320455)
(-0.093732 -0.26445 -0.320466)
(-0.0937013 -0.264454 -0.320471)
(-0.0937009 -0.264454 -0.320471)
(-0.0937307 -0.26445 -0.320466)
(-0.0937897 -0.264442 -0.320456)
(-0.0938754 -0.264429 -0.320441)
(-0.0939848 -0.264413 -0.320421)
(-0.0941134 -0.264395 -0.320399)
(-0.0942565 -0.264374 -0.320374)
(-0.0944085 -0.264352 -0.320347)
(-0.0945635 -0.26433 -0.32032)
(-0.0947156 -0.264308 -0.320293)
(-0.094859 -0.264287 -0.320268)
(-0.0949882 -0.264268 -0.320245)
(-0.0977228 -0.271595 -0.329124)
(-0.0978093 -0.271582 -0.329109)
(-0.097869 -0.271574 -0.329099)
(-0.0978996 -0.271569 -0.329093)
(-0.0979001 -0.271569 -0.329093)
(-0.0978702 -0.271574 -0.329098)
(-0.0978113 -0.271582 -0.329109)
(-0.0977255 -0.271595 -0.329124)
(-0.0976162 -0.27161 -0.329143)
(-0.0974875 -0.271629 -0.329166)
(-0.0973444 -0.27165 -0.329191)
(-0.0971925 -0.271672 -0.329217)
(-0.0970374 -0.271694 -0.329245)
(-0.0968853 -0.271716 -0.329271)
(-0.0967419 -0.271737 -0.329296)
(-0.0966128 -0.271756 -0.329319)
(-0.0965029 -0.271772 -0.329338)
(-0.0964164 -0.271784 -0.329354)
(-0.0963567 -0.271793 -0.329364)
(-0.096326 -0.271797 -0.329369)
(-0.0963256 -0.271797 -0.32937)
(-0.0963554 -0.271793 -0.329364)
(-0.0964144 -0.271784 -0.329354)
(-0.0965001 -0.271772 -0.329339)
(-0.0966095 -0.271756 -0.32932)
(-0.0967381 -0.271738 -0.329297)
(-0.0968812 -0.271717 -0.329272)
(-0.0970332 -0.271695 -0.329245)
(-0.0971882 -0.271672 -0.329218)
(-0.0973404 -0.27165 -0.329191)
(-0.0974837 -0.27163 -0.329166)
(-0.0976129 -0.271611 -0.329144)
(-0.100347 -0.278937 -0.338021)
(-0.100434 -0.278924 -0.338006)
(-0.100493 -0.278916 -0.337996)
(-0.100524 -0.278911 -0.33799)
(-0.100524 -0.278911 -0.33799)
(-0.100495 -0.278915 -0.337995)
(-0.100436 -0.278924 -0.338006)
(-0.10035 -0.278936 -0.338021)
(-0.10024 -0.278952 -0.33804)
(-0.100112 -0.278971 -0.338063)
(-0.0999687 -0.278992 -0.338088)
(-0.0998168 -0.279014 -0.338114)
(-0.0996617 -0.279036 -0.338142)
(-0.0995096 -0.279058 -0.338168)
(-0.0993662 -0.279079 -0.338193)
(-0.0992371 -0.279098 -0.338216)
(-0.0991272 -0.279113 -0.338235)
(-0.0990407 -0.279126 -0.338251)
(-0.098981 -0.279135 -0.338261)
(-0.0989503 -0.279139 -0.338266)
(-0.0989499 -0.279139 -0.338266)
(-0.0989797 -0.279135 -0.338261)
(-0.0990387 -0.279126 -0.338251)
(-0.0991245 -0.279114 -0.338236)
(-0.0992338 -0.279098 -0.338217)
(-0.0993625 -0.279079 -0.338194)
(-0.0995055 -0.279059 -0.338169)
(-0.0996575 -0.279037 -0.338142)
(-0.0998125 -0.279014 -0.338115)
(-0.0999647 -0.278992 -0.338088)
(-0.100108 -0.278971 -0.338063)
(-0.100237 -0.278953 -0.338041)
(-0.102972 -0.28628 -0.346921)
(-0.103059 -0.286268 -0.346905)
(-0.103118 -0.286259 -0.346895)
(-0.103149 -0.286255 -0.346889)
(-0.103149 -0.286255 -0.346889)
(-0.10312 -0.286259 -0.346895)
(-0.103061 -0.286268 -0.346905)
(-0.102975 -0.28628 -0.34692)
(-0.102865 -0.286296 -0.346939)
(-0.102737 -0.286315 -0.346962)
(-0.102594 -0.286335 -0.346987)
(-0.102442 -0.286357 -0.347014)
(-0.102287 -0.28638 -0.347041)
(-0.102135 -0.286402 -0.347067)
(-0.101991 -0.286423 -0.347093)
(-0.101862 -0.286441 -0.347115)
(-0.101752 -0.286457 -0.347135)
(-0.101666 -0.28647 -0.34715)
(-0.101606 -0.286478 -0.34716)
(-0.101575 -0.286483 -0.347166)
(-0.101575 -0.286483 -0.347166)
(-0.101605 -0.286478 -0.34716)
(-0.101664 -0.28647 -0.34715)
(-0.101749 -0.286458 -0.347135)
(-0.101859 -0.286442 -0.347116)
(-0.101987 -0.286423 -0.347093)
(-0.102131 -0.286402 -0.347068)
(-0.102282 -0.28638 -0.347042)
(-0.102438 -0.286358 -0.347014)
(-0.10259 -0.286336 -0.346988)
(-0.102733 -0.286315 -0.346962)
(-0.102862 -0.286296 -0.34694)
(-0.105597 -0.293624 -0.35582)
(-0.105684 -0.293612 -0.355805)
(-0.105743 -0.293603 -0.355794)
(-0.105774 -0.293599 -0.355789)
(-0.105774 -0.293599 -0.355789)
(-0.105745 -0.293603 -0.355794)
(-0.105686 -0.293611 -0.355804)
(-0.1056 -0.293624 -0.355819)
(-0.10549 -0.29364 -0.355838)
(-0.105362 -0.293658 -0.355861)
(-0.105219 -0.293679 -0.355886)
(-0.105067 -0.293701 -0.355913)
(-0.104912 -0.293723 -0.35594)
(-0.10476 -0.293745 -0.355967)
(-0.104616 -0.293766 -0.355992)
(-0.104487 -0.293785 -0.356015)
(-0.104377 -0.293801 -0.356034)
(-0.104291 -0.293813 -0.356049)
(-0.104231 -0.293822 -0.35606)
(-0.1042 -0.293826 -0.356065)
(-0.1042 -0.293827 -0.356065)
(-0.10423 -0.293822 -0.35606)
(-0.104289 -0.293814 -0.356049)
(-0.104374 -0.293801 -0.356034)
(-0.104484 -0.293785 -0.356015)
(-0.104612 -0.293767 -0.355993)
(-0.104756 -0.293746 -0.355967)
(-0.104907 -0.293724 -0.355941)
(-0.105063 -0.293702 -0.355914)
(-0.105215 -0.29368 -0.355887)
(-0.105358 -0.293659 -0.355862)
(-0.105487 -0.29364 -0.355839)
(-0.108221 -0.300965 -0.364716)
(-0.108308 -0.300953 -0.364701)
(-0.108367 -0.300944 -0.36469)
(-0.108398 -0.30094 -0.364685)
(-0.108398 -0.300939 -0.364685)
(-0.108369 -0.300944 -0.36469)
(-0.10831 -0.300952 -0.3647)
(-0.108224 -0.300965 -0.364715)
(-0.108114 -0.300981 -0.364734)
(-0.107986 -0.300999 -0.364757)
(-0.107843 -0.30102 -0.364782)
(-0.107691 -0.301042 -0.364809)
(-0.107536 -0.301064 -0.364836)
(-0.107384 -0.301086 -0.364863)
(-0.10724 -0.301107 -0.364888)
(-0.107111 -0.301126 -0.36491)
(-0.107001 -0.301142 -0.36493)
(-0.106915 -0.301154 -0.364945)
(-0.106855 -0.301163 -0.364955)
(-0.106824 -0.301167 -0.364961)
(-0.106824 -0.301167 -0.364961)
(-0.106854 -0.301163 -0.364956)
(-0.106913 -0.301155 -0.364945)
(-0.106998 -0.301142 -0.36493)
(-0.107108 -0.301126 -0.364911)
(-0.107236 -0.301108 -0.364888)
(-0.10738 -0.301087 -0.364863)
(-0.107532 -0.301065 -0.364837)
(-0.107687 -0.301043 -0.36481)
(-0.107839 -0.301021 -0.364783)
(-0.107982 -0.301 -0.364758)
(-0.108111 -0.300981 -0.364735)
(-0.110846 -0.308309 -0.373615)
(-0.110933 -0.308296 -0.3736)
(-0.110992 -0.308288 -0.373589)
(-0.111023 -0.308283 -0.373584)
(-0.111023 -0.308283 -0.373584)
(-0.110994 -0.308288 -0.373589)
(-0.110935 -0.308296 -0.373599)
(-0.110849 -0.308308 -0.373614)
(-0.110739 -0.308324 -0.373634)
(-0.110611 -0.308343 -0.373656)
(-0.110468 -0.308364 -0.373681)
(-0.110316 -0.308386 -0.373708)
(-0.110161 -0.308408 -0.373735)
(-0.110009 -0.30843 -0.373762)
(-0.109865 -0.308451 -0.373787)
(-0.109736 -0.30847 -0.37381)
(-0.109626 -0.308486 -0.373829)
(-0.10954 -0.308498 -0.373844)
(-0.10948 -0.308507 -0.373855)
(-0.109449 -0.308511 -0.37386)
(-0.109449 -0.308511 -0.37386)
(-0.109479 -0.308507 -0.373855)
(-0.109538 -0.308498 -0.373845)
(-0.109623 -0.308486 -0.373829)
(-0.109733 -0.30847 -0.37381)
(-0.109861 -0.308451 -0.373788)
(-0.110005 -0.308431 -0.373763)
(-0.110157 -0.308409 -0.373736)
(-0.110312 -0.308386 -0.373709)
(-0.110464 -0.308364 -0.373682)
(-0.110607 -0.308343 -0.373657)
(-0.110736 -0.308325 -0.373634)
(-0.113471 -0.315653 -0.382514)
(-0.113558 -0.31564 -0.382499)
(-0.113617 -0.315631 -0.382489)
(-0.113648 -0.315627 -0.382483)
(-0.113648 -0.315627 -0.382483)
(-0.113619 -0.315631 -0.382488)
(-0.11356 -0.31564 -0.382499)
(-0.113474 -0.315652 -0.382514)
(-0.113364 -0.315668 -0.382533)
(-0.113236 -0.315687 -0.382555)
(-0.113093 -0.315707 -0.382581)
(-0.112941 -0.315729 -0.382607)
(-0.112786 -0.315752 -0.382634)
(-0.112634 -0.315774 -0.382661)
(-0.11249 -0.315795 -0.382686)
(-0.112361 -0.315813 -0.382709)
(-0.112251 -0.315829 -0.382728)
(-0.112165 -0.315842 -0.382743)
(-0.112105 -0.31585 -0.382754)
(-0.112074 -0.315855 -0.382759)
(-0.112074 -0.315855 -0.382759)
(-0.112104 -0.315851 -0.382754)
(-0.112163 -0.315842 -0.382744)
(-0.112248 -0.31583 -0.382729)
(-0.112358 -0.315814 -0.38271)
(-0.112486 -0.315795 -0.382687)
(-0.11263 -0.315774 -0.382662)
(-0.112782 -0.315752 -0.382635)
(-0.112937 -0.31573 -0.382608)
(-0.113089 -0.315708 -0.382581)
(-0.113232 -0.315687 -0.382556)
(-0.113361 -0.315668 -0.382533)
(-0.116095 -0.322994 -0.39141)
(-0.116182 -0.322981 -0.391395)
(-0.116241 -0.322972 -0.391384)
(-0.116272 -0.322968 -0.391379)
(-0.116272 -0.322968 -0.391379)
(-0.116243 -0.322972 -0.391384)
(-0.116184 -0.322981 -0.391395)
(-0.116098 -0.322993 -0.39141)
(-0.115989 -0.323009 -0.391429)
(-0.11586 -0.323028 -0.391451)
(-0.115717 -0.323048 -0.391477)
(-0.115565 -0.32307 -0.391503)
(-0.11541 -0.323093 -0.39153)
(-0.115258 -0.323115 -0.391557)
(-0.115114 -0.323136 -0.391582)
(-0.114985 -0.323154 -0.391605)
(-0.114875 -0.32317 -0.391624)
(-0.114789 -0.323183 -0.391639)
(-0.114729 -0.323191 -0.39165)
(-0.114698 -0.323196 -0.391655)
(-0.114698 -0.323196 -0.391655)
(-0.114728 -0.323192 -0.39165)
(-0.114787 -0.323183 -0.39164)
(-0.114872 -0.323171 -0.391625)
(-0.114982 -0.323155 -0.391605)
(-0.11511 -0.323136 -0.391583)
(-0.115254 -0.323115 -0.391558)
(-0.115406 -0.323093 -0.391531)
(-0.115561 -0.323071 -0.391504)
(-0.115713 -0.323049 -0.391477)
(-0.115856 -0.323028 -0.391452)
(-0.115985 -0.323009 -0.391429)
(-0.11872 -0.330337 -0.400309)
(-0.118807 -0.330325 -0.400294)
(-0.118866 -0.330316 -0.400284)
(-0.118897 -0.330312 -0.400278)
(-0.118897 -0.330312 -0.400278)
(-0.118868 -0.330316 -0.400284)
(-0.118809 -0.330324 -0.400294)
(-0.118723 -0.330337 -0.400309)
(-0.118614 -0.330353 -0.400328)
(-0.118485 -0.330371 -0.400351)
(-0.118342 -0.330392 -0.400376)
(-0.11819 -0.330414 -0.400402)
(-0.118035 -0.330436 -0.40043)
(-0.117883 -0.330459 -0.400456)
(-0.117739 -0.330479 -0.400482)
(-0.11761 -0.330498 -0.400504)
(-0.1175 -0.330514 -0.400523)
(-0.117414 -0.330526 -0.400539)
(-0.117354 -0.330535 -0.400549)
(-0.117323 -0.330539 -0.400554)
(-0.117323 -0.33054 -0.400555)
(-0.117353 -0.330535 -0.400549)
(-0.117412 -0.330527 -0.400539)
(-0.117497 -0.330514 -0.400524)
(-0.117607 -0.330498 -0.400505)
(-0.117735 -0.33048 -0.400482)
(-0.117879 -0.330459 -0.400457)
(-0.118031 -0.330437 -0.40043)
(-0.118186 -0.330415 -0.400403)
(-0.118338 -0.330393 -0.400376)
(-0.118481 -0.330372 -0.400351)
(-0.11861 -0.330353 -0.400329)
(-0.121345 -0.337681 -0.409209)
(-0.121432 -0.337668 -0.409193)
(-0.121491 -0.33766 -0.409183)
(-0.121522 -0.337655 -0.409178)
(-0.121522 -0.337655 -0.409178)
(-0.121493 -0.33766 -0.409183)
(-0.121434 -0.337668 -0.409193)
(-0.121348 -0.337681 -0.409208)
(-0.121238 -0.337696 -0.409227)
(-0.12111 -0.337715 -0.40925)
(-0.120967 -0.337736 -0.409275)
(-0.120815 -0.337758 -0.409302)
(-0.12066 -0.33778 -0.409329)
(-0.120508 -0.337802 -0.409356)
(-0.120364 -0.337823 -0.409381)
(-0.120235 -0.337842 -0.409403)
(-0.120125 -0.337858 -0.409423)
(-0.120039 -0.33787 -0.409438)
(-0.119979 -0.337879 -0.409448)
(-0.119948 -0.337883 -0.409454)
(-0.119948 -0.337883 -0.409454)
(-0.119978 -0.337879 -0.409449)
(-0.120037 -0.33787 -0.409438)
(-0.120122 -0.337858 -0.409423)
(-0.120232 -0.337842 -0.409404)
(-0.12036 -0.337824 -0.409381)
(-0.120504 -0.337803 -0.409356)
(-0.120656 -0.337781 -0.40933)
(-0.120811 -0.337758 -0.409302)
(-0.120963 -0.337736 -0.409276)
(-0.121106 -0.337716 -0.409251)
(-0.121235 -0.337697 -0.409228)
(-0.123969 -0.345022 -0.418105)
(-0.124056 -0.345009 -0.418089)
(-0.124115 -0.345001 -0.418079)
(-0.124146 -0.344996 -0.418074)
(-0.124146 -0.344996 -0.418073)
(-0.124117 -0.345001 -0.418079)
(-0.124058 -0.345009 -0.418089)
(-0.123972 -0.345022 -0.418104)
(-0.123863 -0.345037 -0.418123)
(-0.123734 -0.345056 -0.418146)
(-0.123591 -0.345077 -0.418171)
(-0.123439 -0.345099 -0.418198)
(-0.123284 -0.345121 -0.418225)
(-0.123132 -0.345143 -0.418252)
(-0.122988 -0.345164 -0.418277)
(-0.122859 -0.345183 -0.418299)
(-0.122749 -0.345199 -0.418319)
(-0.122663 -0.345211 -0.418334)
(-0.122603 -0.34522 -0.418344)
(-0.122572 -0.345224 -0.41835)
(-0.122572 -0.345224 -0.41835)
(-0.122602 -0.34522 -0.418344)
(-0.122661 -0.345211 -0.418334)
(-0.122746 -0.345199 -0.418319)
(-0.122856 -0.345183 -0.4183)
(-0.122984 -0.345164 -0.418277)
(-0.123128 -0.345144 -0.418252)
(-0.12328 -0.345122 -0.418226)
(-0.123435 -0.345099 -0.418198)
(-0.123587 -0.345077 -0.418172)
(-0.12373 -0.345057 -0.418147)
(-0.123859 -0.345038 -0.418124)
(-0.126594 -0.352366 -0.427004)
(-0.126681 -0.352353 -0.426989)
(-0.12674 -0.352344 -0.426978)
(-0.126771 -0.35234 -0.426973)
(-0.126771 -0.35234 -0.426973)
(-0.126742 -0.352344 -0.426978)
(-0.126683 -0.352353 -0.426988)
(-0.126597 -0.352365 -0.427003)
(-0.126488 -0.352381 -0.427023)
(-0.126359 -0.3524 -0.427045)
(-0.126216 -0.35242 -0.42707)
(-0.126064 -0.352442 -0.427097)
(-0.125909 -0.352465 -0.427124)
(-0.125757 -0.352487 -0.427151)
(-0.125613 -0.352508 -0.427176)
(-0.125484 -0.352526 -0.427199)
(-0.125374 -0.352542 -0.427218)
(-0.125288 -0.352555 -0.427233)
(-0.125228 -0.352563 -0.427244)
(-0.125197 -0.352568 -0.427249)
(-0.125197 -0.352568 -0.427249)
(-0.125227 -0.352564 -0.427244)
(-0.125286 -0.352555 -0.427233)
(-0.125371 -0.352543 -0.427218)
(-0.125481 -0.352527 -0.427199)
(-0.125609 -0.352508 -0.427177)
(-0.125753 -0.352487 -0.427151)
(-0.125905 -0.352465 -0.427125)
(-0.12606 -0.352443 -0.427098)
(-0.126212 -0.352421 -0.427071)
(-0.126355 -0.3524 -0.427046)
(-0.126484 -0.352382 -0.427023)
(-0.129219 -0.359709 -0.435903)
(-0.129306 -0.359697 -0.435888)
(-0.129365 -0.359688 -0.435877)
(-0.129396 -0.359684 -0.435872)
(-0.129396 -0.359684 -0.435872)
(-0.129367 -0.359688 -0.435877)
(-0.129308 -0.359697 -0.435888)
(-0.129222 -0.359709 -0.435903)
(-0.129113 -0.359725 -0.435922)
(-0.128984 -0.359743 -0.435944)
(-0.128841 -0.359764 -0.435969)
(-0.128689 -0.359786 -0.435996)
(-0.128534 -0.359809 -0.436023)
(-0.128382 -0.359831 -0.43605)
(-0.128238 -0.359851 -0.436075)
(-0.128109 -0.35987 -0.436098)
(-0.127999 -0.359886 -0.436117)
(-0.127913 -0.359898 -0.436132)
(-0.127853 -0.359907 -0.436143)
(-0.127822 -0.359912 -0.436148)
(-0.127822 -0.359912 -0.436148)
(-0.127852 -0.359907 -0.436143)
(-0.127911 -0.359899 -0.436133)
(-0.127996 -0.359886 -0.436118)
(-0.128106 -0.359871 -0.436098)
(-0.128234 -0.359852 -0.436076)
(-0.128378 -0.359831 -0.436051)
(-0.12853 -0.359809 -0.436024)
(-0.128685 -0.359787 -0.435997)
(-0.128837 -0.359765 -0.43597)
(-0.12898 -0.359744 -0.435945)
(-0.129109 -0.359725 -0.435922)
(-0.131843 -0.36705 -0.444799)
(-0.13193 -0.367038 -0.444784)
(-0.131989 -0.367029 -0.444773)
(-0.13202 -0.367025 -0.444768)
(-0.13202 -0.367025 -0.444768)
(-0.131991 -0.367029 -0.444773)
(-0.131932 -0.367037 -0.444783)
(-0.131846 -0.36705 -0.444799)
(-0.131737 -0.367066 -0.444818)
(-0.131608 -0.367084 -0.44484)
(-0.131465 -0.367105 -0.444865)
(-0.131313 -0.367127 -0.444892)
(-0.131158 -0.36715 -0.444919)
(-0.131006 -0.367172 -0.444946)
(-0.130862 -0.367192 -0.444971)
(-0.130733 -0.367211 -0.444994)
(-0.130623 -0.367227 -0.445013)
(-0.130537 -0.367239 -0.445028)
(-0.130477 -0.367248 -0.445039)
(-0.130446 -0.367253 -0.445044)
(-0.130446 -0.367253 -0.445044)
(-0.130476 -0.367248 -0.445039)
(-0.130535 -0.36724 -0.445029)
(-0.13062 -0.367227 -0.445014)
(-0.13073 -0.367211 -0.444994)
(-0.130858 -0.367193 -0.444972)
(-0.131002 -0.367172 -0.444947)
(-0.131154 -0.36715 -0.44492)
(-0.131309 -0.367128 -0.444893)
(-0.131461 -0.367106 -0.444866)
(-0.131604 -0.367085 -0.444841)
(-0.131733 -0.367066 -0.444818)
(-0.134468 -0.374394 -0.453698)
(-0.134555 -0.374381 -0.453683)
(-0.134614 -0.374373 -0.453673)
(-0.134645 -0.374368 -0.453667)
(-0.134645 -0.374368 -0.453667)
(-0.134616 -0.374373 -0.453672)
(-0.134557 -0.374381 -0.453683)
(-0.134471 -0.374394 -0.453698)
(-0.134362 -0.374409 -0.453717)
(-0.134233 -0.374428 -0.45374)
(-0.13409 -0.374449 -0.453765)
(-0.133938 -0.374471 -0.453791)
(-0.133783 -0.374493 -0.453819)
(-0.133631 -0.374515 -0.453845)
(-0.133487 -0.374536 -0.45387)
(-0.133358 -0.374555 -0.453893)
(-0.133248 -0.374571 -0.453912)
(-0.133162 -0.374583 -0.453927)
(-0.133102 -0.374592 -0.453938)
(-0.133071 -0.374596 -0.453943)
(-0.133071 -0.374596 -0.453943)
(-0.133101 -0.374592 -0.453938)
(-0.13316 -0.374583 -0.453928)
(-0.133245 -0.374571 -0.453913)
(-0.133355 -0.374555 -0.453894)
(-0.133483 -0.374537 -0.453871)
(-0.133627 -0.374516 -0.453846)
(-0.133779 -0.374494 -0.453819)
(-0.133934 -0.374471 -0.453792)
(-0.134086 -0.374449 -0.453765)
(-0.134229 -0.374429 -0.45374)
(-0.134358 -0.37441 -0.453718)
(-0.137093 -0.381738 -0.462597)
(-0.13718 -0.381725 -0.462582)
(-0.137239 -0.381717 -0.462572)
(-0.13727 -0.381712 -0.462566)
(-0.13727 -0.381712 -0.462566)
(-0.137241 -0.381716 -0.462572)
(-0.137182 -0.381725 -0.462582)
(-0.137096 -0.381737 -0.462597)
(-0.136987 -0.381753 -0.462616)
(-0.136858 -0.381772 -0.462639)
(-0.136715 -0.381792 -0.462664)
(-0.136563 -0.381814 -0.462691)
(-0.136408 -0.381837 -0.462718)
(-0.136256 -0.381859 -0.462744)
(-0.136112 -0.38188 -0.46277)
(-0.135983 -0.381898 -0.462792)
(-0.135873 -0.381914 -0.462812)
(-0.135787 -0.381927 -0.462827)
(-0.135727 -0.381936 -0.462837)
(-0.135696 -0.38194 -0.462843)
(-0.135696 -0.38194 -0.462843)
(-0.135726 -0.381936 -0.462837)
(-0.135785 -0.381927 -0.462827)
(-0.13587 -0.381915 -0.462812)
(-0.13598 -0.381899 -0.462793)
(-0.136108 -0.38188 -0.46277)
(-0.136252 -0.38186 -0.462745)
(-0.136404 -0.381838 -0.462719)
(-0.136559 -0.381815 -0.462691)
(-0.136711 -0.381793 -0.462665)
(-0.136854 -0.381772 -0.462639)
(-0.136983 -0.381754 -0.462617)
(-0.139717 -0.389079 -0.471493)
(-0.139804 -0.389066 -0.471478)
(-0.139863 -0.389057 -0.471468)
(-0.139894 -0.389053 -0.471462)
(-0.139894 -0.389053 -0.471462)
(-0.139865 -0.389057 -0.471468)
(-0.139806 -0.389066 -0.471478)
(-0.13972 -0.389078 -0.471493)
(-0.139611 -0.389094 -0.471512)
(-0.139482 -0.389113 -0.471535)
(-0.139339 -0.389133 -0.47156)
(-0.139187 -0.389155 -0.471586)
(-0.139032 -0.389178 -0.471614)
(-0.13888 -0.3892 -0.47164)
(-0.138736 -0.389221 -0.471666)
(-0.138607 -0.389239 -0.471688)
(-0.138497 -0.389255 -0.471707)
(-0.138411 -0.389268 -0.471723)
(-0.138351 -0.389276 -0.471733)
(-0.13832 -0.389281 -0.471739)
(-0.13832 -0.389281 -0.471739)
(-0.13835 -0.389277 -0.471733)
(-0.138409 -0.389268 -0.471723)
(-0.138495 -0.389256 -0.471708)
(-0.138604 -0.38924 -0.471689)
(-0.138733 -0.389221 -0.471666)
(-0.138876 -0.389201 -0.471641)
(-0.139028 -0.389179 -0.471614)
(-0.139183 -0.389156 -0.471587)
(-0.139335 -0.389134 -0.471561)
(-0.139478 -0.389113 -0.471535)
(-0.139607 -0.389095 -0.471513)
(-0.142342 -0.396422 -0.480393)
(-0.142429 -0.39641 -0.480377)
(-0.142488 -0.396401 -0.480367)
(-0.142519 -0.396397 -0.480362)
(-0.142519 -0.396397 -0.480362)
(-0.14249 -0.396401 -0.480367)
(-0.142431 -0.39641 -0.480377)
(-0.142345 -0.396422 -0.480392)
(-0.142236 -0.396438 -0.480411)
(-0.142107 -0.396456 -0.480434)
(-0.141964 -0.396477 -0.480459)
(-0.141812 -0.396499 -0.480486)
(-0.141657 -0.396522 -0.480513)
(-0.141505 -0.396544 -0.48054)
(-0.141361 -0.396564 -0.480565)
(-0.141232 -0.396583 -0.480587)
(-0.141122 -0.396599 -0.480607)
(-0.141036 -0.396612 -0.480622)
(-0.140976 -0.39662 -0.480632)
(-0.140945 -0.396625 -0.480638)
(-0.140945 -0.396625 -0.480638)
(-0.140975 -0.39662 -0.480633)
(-0.141034 -0.396612 -0.480622)
(-0.14112 -0.396599 -0.480607)
(-0.141229 -0.396584 -0.480588)
(-0.141358 -0.396565 -0.480565)
(-0.141501 -0.396544 -0.48054)
(-0.141653 -0.396522 -0.480514)
(-0.141808 -0.3965 -0.480486)
(-0.14196 -0.396478 -0.48046)
(-0.142103 -0.396457 -0.480435)
(-0.142232 -0.396438 -0.480412)
(-0.144967 -0.403766 -0.489292)
(-0.145054 -0.403754 -0.489277)
(-0.145113 -0.403745 -0.489266)
(-0.145144 -0.40374 -0.489261)
(-0.145144 -0.40374 -0.489261)
(-0.145115 -0.403745 -0.489266)
(-0.145056 -0.403753 -0.489276)
(-0.14497 -0.403766 -0.489291)
(-0.144861 -0.403781 -0.489311)
(-0.144732 -0.4038 -0.489333)
(-0.144589 -0.403821 -0.489358)
(-0.144437 -0.403843 -0.489385)
(-0.144282 -0.403865 -0.489412)
(-0.14413 -0.403887 -0.489439)
(-0.143986 -0.403908 -0.489464)
(-0.143857 -0.403927 -0.489487)
(-0.143747 -0.403943 -0.489506)
(-0.143661 -0.403955 -0.489521)
(-0.143601 -0.403964 -0.489532)
(-0.14357 -0.403968 -0.489537)
(-0.14357 -0.403968 -0.489537)
(-0.1436 -0.403964 -0.489532)
(-0.143659 -0.403956 -0.489522)
(-0.143745 -0.403943 -0.489506)
(-0.143854 -0.403927 -0.489487)
(-0.143983 -0.403909 -0.489465)
(-0.144126 -0.403888 -0.48944)
(-0.144278 -0.403866 -0.489413)
(-0.144433 -0.403843 -0.489386)
(-0.144585 -0.403821 -0.489359)
(-0.144728 -0.403801 -0.489334)
(-0.144857 -0.403782 -0.489311)
(-0.147591 -0.411107 -0.498188)
(-0.147678 -0.411094 -0.498173)
(-0.147737 -0.411086 -0.498162)
(-0.147768 -0.411081 -0.498157)
(-0.147768 -0.411081 -0.498157)
(-0.147739 -0.411086 -0.498162)
(-0.14768 -0.411094 -0.498172)
(-0.147594 -0.411107 -0.498187)
(-0.147485 -0.411122 -0.498207)
(-0.147356 -0.411141 -0.498229)
(-0.147213 -0.411162 -0.498254)
(-0.147061 -0.411184 -0.498281)
(-0.146906 -0.411206 -0.498308)
(-0.146754 -0.411228 -0.498335)
(-0.14661 -0.411249 -0.49836)
(-0.146481 -0.411268 -0.498383)
(-0.146371 -0.411284 -0.498402)
(-0.146285 -0.411296 -0.498417)
(-0.146225 -0.411305 -0.498428)
(-0.146194 -0.411309 -0.498433)
(-0.146194 -0.411309 -0.498433)
(-0.146224 -0.411305 -0.498428)
(-0.146283 -0.411296 -0.498417)
(-0.146369 -0.411284 -0.498402)
(-0.146478 -0.411268 -0.498383)
(-0.146607 -0.41125 -0.498361)
(-0.14675 -0.411229 -0.498336)
(-0.146902 -0.411207 -0.498309)
(-0.147057 -0.411184 -0.498282)
(-0.147209 -0.411162 -0.498255)
(-0.147352 -0.411142 -0.49823)
(-0.147481 -0.411123 -0.498207)
(-0.150216 -0.418451 -0.507087)
(-0.150303 -0.418438 -0.507072)
(-0.150362 -0.41843 -0.507061)
(-0.150393 -0.418425 -0.507056)
(-0.150393 -0.418425 -0.507056)
(-0.150364 -0.418429 -0.507061)
(-0.150305 -0.418438 -0.507072)
(-0.150219 -0.41845 -0.507087)
(-0.15011 -0.418466 -0.507106)
(-0.149981 -0.418485 -0.507128)
(-0.149838 -0.418506 -0.507153)
(-0.149686 -0.418528 -0.50718)
(-0.149531 -0.41855 -0.507207)
(-0.149379 -0.418572 -0.507234)
(-0.149235 -0.418593 -0.507259)
(-0.149106 -0.418611 -0.507282)
(-0.148996 -0.418627 -0.507301)
(-0.14891 -0.41864 -0.507316)
(-0.14885 -0.418649 -0.507327)
(-0.148819 -0.418653 -0.507332)
(-0.148819 -0.418653 -0.507332)
(-0.148849 -0.418649 -0.507327)
(-0.148908 -0.41864 -0.507317)
(-0.148994 -0.418628 -0.507302)
(-0.149103 -0.418612 -0.507282)
(-0.149232 -0.418593 -0.50726)
(-0.149375 -0.418573 -0.507235)
(-0.149527 -0.418551 -0.507208)
(-0.149682 -0.418528 -0.507181)
(-0.149834 -0.418506 -0.507154)
(-0.149977 -0.418485 -0.507129)
(-0.150106 -0.418467 -0.507106)
(-0.152841 -0.425794 -0.515986)
(-0.152928 -0.425782 -0.515971)
(-0.152987 -0.425773 -0.515961)
(-0.153018 -0.425769 -0.515955)
(-0.153018 -0.425769 -0.515955)
(-0.152989 -0.425773 -0.51596)
(-0.15293 -0.425782 -0.515971)
(-0.152844 -0.425794 -0.515986)
(-0.152735 -0.42581 -0.516005)
(-0.152606 -0.425829 -0.516028)
(-0.152463 -0.425849 -0.516053)
(-0.152311 -0.425871 -0.516079)
(-0.152156 -0.425894 -0.516107)
(-0.152004 -0.425916 -0.516133)
(-0.15186 -0.425936 -0.516158)
(-0.151731 -0.425955 -0.516181)
(-0.151621 -0.425971 -0.5162)
(-0.151535 -0.425984 -0.516216)
(-0.151475 -0.425992 -0.516226)
(-0.151444 -0.425997 -0.516231)
(-0.151444 -0.425997 -0.516232)
(-0.151474 -0.425992 -0.516226)
(-0.151533 -0.425984 -0.516216)
(-0.151619 -0.425971 -0.516201)
(-0.151728 -0.425956 -0.516182)
(-0.151857 -0.425937 -0.516159)
(-0.152 -0.425916 -0.516134)
(-0.152152 -0.425894 -0.516107)
(-0.152307 -0.425872 -0.51608)
(-0.152459 -0.42585 -0.516053)
(-0.152602 -0.425829 -0.516028)
(-0.152731 -0.42581 -0.516006)
(-0.155465 -0.433135 -0.524882)
(-0.155552 -0.433123 -0.524867)
(-0.155611 -0.433114 -0.524857)
(-0.155642 -0.43311 -0.524851)
(-0.155642 -0.43311 -0.524851)
(-0.155613 -0.433114 -0.524856)
(-0.155554 -0.433123 -0.524867)
(-0.155468 -0.433135 -0.524882)
(-0.155359 -0.433151 -0.524901)
(-0.15523 -0.433169 -0.524924)
(-0.155087 -0.43319 -0.524949)
(-0.154935 -0.433212 -0.524975)
(-0.15478 -0.433235 -0.525003)
(-0.154628 -0.433257 -0.525029)
(-0.154484 -0.433277 -0.525054)
(-0.154355 -0.433296 -0.525077)
(-0.154245 -0.433312 -0.525096)
(-0.154159 -0.433325 -0.525112)
(-0.154099 -0.433333 -0.525122)
(-0.154068 -0.433338 -0.525127)
(-0.154068 -0.433338 -0.525127)
(-0.154098 -0.433333 -0.525122)
(-0.154157 -0.433325 -0.525112)
(-0.154243 -0.433312 -0.525097)
(-0.154352 -0.433297 -0.525078)
(-0.154481 -0.433278 -0.525055)
(-0.154624 -0.433257 -0.52503)
(-0.154776 -0.433235 -0.525003)
(-0.154931 -0.433213 -0.524976)
(-0.155083 -0.433191 -0.524949)
(-0.155226 -0.43317 -0.524924)
(-0.155355 -0.433151 -0.524902)
(-0.15809 -0.440479 -0.533782)
(-0.158177 -0.440467 -0.533766)
(-0.158236 -0.440458 -0.533756)
(-0.158267 -0.440453 -0.53375)
(-0.158267 -0.440453 -0.53375)
(-0.158238 -0.440458 -0.533756)
(-0.158179 -0.440466 -0.533766)
(-0.158093 -0.440479 -0.533781)
(-0.157984 -0.440495 -0.5338)
(-0.157855 -0.440513 -0.533823)
(-0.157712 -0.440534 -0.533848)
(-0.15756 -0.440556 -0.533875)
(-0.157405 -0.440578 -0.533902)
(-0.157253 -0.4406 -0.533928)
(-0.157109 -0.440621 -0.533954)
(-0.15698 -0.44064 -0.533976)
(-0.15687 -0.440656 -0.533996)
(-0.156784 -0.440668 -0.534011)
(-0.156724 -0.440677 -0.534021)
(-0.156693 -0.440681 -0.534027)
(-0.156693 -0.440681 -0.534027)
(-0.156723 -0.440677 -0.534021)
(-0.156782 -0.440669 -0.534011)
(-0.156868 -0.440656 -0.533996)
(-0.156977 -0.44064 -0.533977)
(-0.157106 -0.440622 -0.533954)
(-0.157249 -0.440601 -0.533929)
(-0.157401 -0.440579 -0.533903)
(-0.157556 -0.440557 -0.533875)
(-0.157708 -0.440534 -0.533849)
(-0.157851 -0.440514 -0.533823)
(-0.15798 -0.440495 -0.533801)
)
;

boundaryField
{
    left
    {
        type            calculated;
    }
    right
    {
        type            calculated;
    }
    beam
    {
        type            empty;
    }
}


// ************************************************************************* //
