/*--------------------------------*- C++ -*----------------------------------*\
| =========                 |                                                 |
| \\      /  F ield         | foam-extend: Open Source CFD                    |
|  \\    /   O peration     | Version:     4.1                                |
|   \\  /    A nd           | Web:         http://www.foam-extend.org         |
|    \\/     M anipulation  |                                                 |
\*---------------------------------------------------------------------------*/
FoamFile
{
    version     2.0;
    format      ascii;
    class       vectorField;
    location    "constant/polyMesh";
    object      points;
}
// * * * * * * * * * * * * * * * * * * * * * * * * * * * * * * * * * * * * * //


672
(
(0.003656 -0 0)
(0.00358575098515 -0.000713250217291 0)
(0.00337770357086 -0.00139909062873 0)
(0.00303985290258 -0.00203116477192 0)
(0.00258518239202 -0.00258518239202 0)
(0.00203116477192 -0.00303985290258 0)
(0.00139909062873 -0.00337770357086 0)
(0.000713250217291 -0.00358575098515 0)
(2.23865434884e-19 -0.003656 0)
(-0.000713250217291 -0.00358575098515 0)
(-0.00139909062873 -0.00337770357086 0)
(-0.00203116477192 -0.00303985290258 0)
(-0.00258518239202 -0.00258518239202 0)
(-0.00303985290258 -0.00203116477192 0)
(-0.00337770357086 -0.00139909062873 0)
(-0.00358575098515 -0.000713250217291 0)
(-0.003656 -4.47730869768e-19 0)
(-0.00358575098515 0.000713250217291 0)
(-0.00337770357086 0.00139909062873 0)
(-0.00303985290258 0.00203116477192 0)
(-0.00258518239202 0.00258518239202 0)
(-0.00203116477192 0.00303985290258 0)
(-0.00139909062873 0.00337770357086 0)
(-0.000713250217291 0.00358575098515 0)
(-6.71596304652e-19 0.003656 0)
(0.000713250217291 0.00358575098515 0)
(0.00139909062873 0.00337770357086 0)
(0.00203116477192 0.00303985290258 0)
(0.00258518239202 0.00258518239202 0)
(0.00303985290258 0.00203116477192 0)
(0.00337770357086 0.00139909062873 0)
(0.00358575098515 0.000713250217291 0)
(0.003656 -0 0.033113)
(0.00358575098515 -0.000713250217291 0.033113)
(0.00337770357086 -0.00139909062873 0.033113)
(0.00303985290258 -0.00203116477192 0.033113)
(0.00258518239202 -0.00258518239202 0.033113)
(0.00203116477192 -0.00303985290258 0.033113)
(0.00139909062873 -0.00337770357086 0.033113)
(0.000713250217291 -0.00358575098515 0.033113)
(2.23865434884e-19 -0.003656 0.033113)
(-0.000713250217291 -0.00358575098515 0.033113)
(-0.00139909062873 -0.00337770357086 0.033113)
(-0.00203116477192 -0.00303985290258 0.033113)
(-0.00258518239202 -0.00258518239202 0.033113)
(-0.00303985290258 -0.00203116477192 0.033113)
(-0.00337770357086 -0.00139909062873 0.033113)
(-0.00358575098515 -0.000713250217291 0.033113)
(-0.003656 -4.47730869768e-19 0.033113)
(-0.00358575098515 0.000713250217291 0.033113)
(-0.00337770357086 0.00139909062873 0.033113)
(-0.00303985290258 0.00203116477192 0.033113)
(-0.00258518239202 0.00258518239202 0.033113)
(-0.00203116477192 0.00303985290258 0.033113)
(-0.00139909062873 0.00337770357086 0.033113)
(-0.000713250217291 0.00358575098515 0.033113)
(-6.71596304652e-19 0.003656 0.033113)
(0.000713250217291 0.00358575098515 0.033113)
(0.00139909062873 0.00337770357086 0.033113)
(0.00203116477192 0.00303985290258 0.033113)
(0.00258518239202 0.00258518239202 0.033113)
(0.00303985290258 0.00203116477192 0.033113)
(0.00337770357086 0.00139909062873 0.033113)
(0.00358575098515 0.000713250217291 0.033113)
(0.003656 -0 0.066226)
(0.00358575098515 -0.000713250217291 0.066226)
(0.00337770357086 -0.00139909062873 0.066226)
(0.00303985290258 -0.00203116477192 0.066226)
(0.00258518239202 -0.00258518239202 0.066226)
(0.00203116477192 -0.00303985290258 0.066226)
(0.00139909062873 -0.00337770357086 0.066226)
(0.000713250217291 -0.00358575098515 0.066226)
(2.23865434884e-19 -0.003656 0.066226)
(-0.000713250217291 -0.00358575098515 0.066226)
(-0.00139909062873 -0.00337770357086 0.066226)
(-0.00203116477192 -0.00303985290258 0.066226)
(-0.00258518239202 -0.00258518239202 0.066226)
(-0.00303985290258 -0.00203116477192 0.066226)
(-0.00337770357086 -0.00139909062873 0.066226)
(-0.00358575098515 -0.000713250217291 0.066226)
(-0.003656 -4.47730869768e-19 0.066226)
(-0.00358575098515 0.000713250217291 0.066226)
(-0.00337770357086 0.00139909062873 0.066226)
(-0.00303985290258 0.00203116477192 0.066226)
(-0.00258518239202 0.00258518239202 0.066226)
(-0.00203116477192 0.00303985290258 0.066226)
(-0.00139909062873 0.00337770357086 0.066226)
(-0.000713250217291 0.00358575098515 0.066226)
(-6.71596304652e-19 0.003656 0.066226)
(0.000713250217291 0.00358575098515 0.066226)
(0.00139909062873 0.00337770357086 0.066226)
(0.00203116477192 0.00303985290258 0.066226)
(0.00258518239202 0.00258518239202 0.066226)
(0.00303985290258 0.00203116477192 0.066226)
(0.00337770357086 0.00139909062873 0.066226)
(0.00358575098515 0.000713250217291 0.066226)
(0.003656 -0 0.099339)
(0.00358575098515 -0.000713250217291 0.099339)
(0.00337770357086 -0.00139909062873 0.099339)
(0.00303985290258 -0.00203116477192 0.099339)
(0.00258518239202 -0.00258518239202 0.099339)
(0.00203116477192 -0.00303985290258 0.099339)
(0.00139909062873 -0.00337770357086 0.099339)
(0.000713250217291 -0.00358575098515 0.099339)
(2.23865434884e-19 -0.003656 0.099339)
(-0.000713250217291 -0.00358575098515 0.099339)
(-0.00139909062873 -0.00337770357086 0.099339)
(-0.00203116477192 -0.00303985290258 0.099339)
(-0.00258518239202 -0.00258518239202 0.099339)
(-0.00303985290258 -0.00203116477192 0.099339)
(-0.00337770357086 -0.00139909062873 0.099339)
(-0.00358575098515 -0.000713250217291 0.099339)
(-0.003656 -4.47730869768e-19 0.099339)
(-0.00358575098515 0.000713250217291 0.099339)
(-0.00337770357086 0.00139909062873 0.099339)
(-0.00303985290258 0.00203116477192 0.099339)
(-0.00258518239202 0.00258518239202 0.099339)
(-0.00203116477192 0.00303985290258 0.099339)
(-0.00139909062873 0.00337770357086 0.099339)
(-0.000713250217291 0.00358575098515 0.099339)
(-6.71596304652e-19 0.003656 0.099339)
(0.000713250217291 0.00358575098515 0.099339)
(0.00139909062873 0.00337770357086 0.099339)
(0.00203116477192 0.00303985290258 0.099339)
(0.00258518239202 0.00258518239202 0.099339)
(0.00303985290258 0.00203116477192 0.099339)
(0.00337770357086 0.00139909062873 0.099339)
(0.00358575098515 0.000713250217291 0.099339)
(0.003656 -0 0.132452)
(0.00358575098515 -0.000713250217291 0.132452)
(0.00337770357086 -0.00139909062873 0.132452)
(0.00303985290258 -0.00203116477192 0.132452)
(0.00258518239202 -0.00258518239202 0.132452)
(0.00203116477192 -0.00303985290258 0.132452)
(0.00139909062873 -0.00337770357086 0.132452)
(0.000713250217291 -0.00358575098515 0.132452)
(2.23865434884e-19 -0.003656 0.132452)
(-0.000713250217291 -0.00358575098515 0.132452)
(-0.00139909062873 -0.00337770357086 0.132452)
(-0.00203116477192 -0.00303985290258 0.132452)
(-0.00258518239202 -0.00258518239202 0.132452)
(-0.00303985290258 -0.00203116477192 0.132452)
(-0.00337770357086 -0.00139909062873 0.132452)
(-0.00358575098515 -0.000713250217291 0.132452)
(-0.003656 -4.47730869768e-19 0.132452)
(-0.00358575098515 0.000713250217291 0.132452)
(-0.00337770357086 0.00139909062873 0.132452)
(-0.00303985290258 0.00203116477192 0.132452)
(-0.00258518239202 0.00258518239202 0.132452)
(-0.00203116477192 0.00303985290258 0.132452)
(-0.00139909062873 0.00337770357086 0.132452)
(-0.000713250217291 0.00358575098515 0.132452)
(-6.71596304652e-19 0.003656 0.132452)
(0.000713250217291 0.00358575098515 0.132452)
(0.00139909062873 0.00337770357086 0.132452)
(0.00203116477192 0.00303985290258 0.132452)
(0.00258518239202 0.00258518239202 0.132452)
(0.00303985290258 0.00203116477192 0.132452)
(0.00337770357086 0.00139909062873 0.132452)
(0.00358575098515 0.000713250217291 0.132452)
(0.003656 -0 0.165565)
(0.00358575098515 -0.000713250217291 0.165565)
(0.00337770357086 -0.00139909062873 0.165565)
(0.00303985290258 -0.00203116477192 0.165565)
(0.00258518239202 -0.00258518239202 0.165565)
(0.00203116477192 -0.00303985290258 0.165565)
(0.00139909062873 -0.00337770357086 0.165565)
(0.000713250217291 -0.00358575098515 0.165565)
(2.23865434884e-19 -0.003656 0.165565)
(-0.000713250217291 -0.00358575098515 0.165565)
(-0.00139909062873 -0.00337770357086 0.165565)
(-0.00203116477192 -0.00303985290258 0.165565)
(-0.00258518239202 -0.00258518239202 0.165565)
(-0.00303985290258 -0.00203116477192 0.165565)
(-0.00337770357086 -0.00139909062873 0.165565)
(-0.00358575098515 -0.000713250217291 0.165565)
(-0.003656 -4.47730869768e-19 0.165565)
(-0.00358575098515 0.000713250217291 0.165565)
(-0.00337770357086 0.00139909062873 0.165565)
(-0.00303985290258 0.00203116477192 0.165565)
(-0.00258518239202 0.00258518239202 0.165565)
(-0.00203116477192 0.00303985290258 0.165565)
(-0.00139909062873 0.00337770357086 0.165565)
(-0.000713250217291 0.00358575098515 0.165565)
(-6.71596304652e-19 0.003656 0.165565)
(0.000713250217291 0.00358575098515 0.165565)
(0.00139909062873 0.00337770357086 0.165565)
(0.00203116477192 0.00303985290258 0.165565)
(0.00258518239202 0.00258518239202 0.165565)
(0.00303985290258 0.00203116477192 0.165565)
(0.00337770357086 0.00139909062873 0.165565)
(0.00358575098515 0.000713250217291 0.165565)
(0.003656 -0 0.198678)
(0.00358575098515 -0.000713250217291 0.198678)
(0.00337770357086 -0.00139909062873 0.198678)
(0.00303985290258 -0.00203116477192 0.198678)
(0.00258518239202 -0.00258518239202 0.198678)
(0.00203116477192 -0.00303985290258 0.198678)
(0.00139909062873 -0.00337770357086 0.198678)
(0.000713250217291 -0.00358575098515 0.198678)
(2.23865434884e-19 -0.003656 0.198678)
(-0.000713250217291 -0.00358575098515 0.198678)
(-0.00139909062873 -0.00337770357086 0.198678)
(-0.00203116477192 -0.00303985290258 0.198678)
(-0.00258518239202 -0.00258518239202 0.198678)
(-0.00303985290258 -0.00203116477192 0.198678)
(-0.00337770357086 -0.00139909062873 0.198678)
(-0.00358575098515 -0.000713250217291 0.198678)
(-0.003656 -4.47730869768e-19 0.198678)
(-0.00358575098515 0.000713250217291 0.198678)
(-0.00337770357086 0.00139909062873 0.198678)
(-0.00303985290258 0.00203116477192 0.198678)
(-0.00258518239202 0.00258518239202 0.198678)
(-0.00203116477192 0.00303985290258 0.198678)
(-0.00139909062873 0.00337770357086 0.198678)
(-0.000713250217291 0.00358575098515 0.198678)
(-6.71596304652e-19 0.003656 0.198678)
(0.000713250217291 0.00358575098515 0.198678)
(0.00139909062873 0.00337770357086 0.198678)
(0.00203116477192 0.00303985290258 0.198678)
(0.00258518239202 0.00258518239202 0.198678)
(0.00303985290258 0.00203116477192 0.198678)
(0.00337770357086 0.00139909062873 0.198678)
(0.00358575098515 0.000713250217291 0.198678)
(0.003656 -0 0.231791)
(0.00358575098515 -0.000713250217291 0.231791)
(0.00337770357086 -0.00139909062873 0.231791)
(0.00303985290258 -0.00203116477192 0.231791)
(0.00258518239202 -0.00258518239202 0.231791)
(0.00203116477192 -0.00303985290258 0.231791)
(0.00139909062873 -0.00337770357086 0.231791)
(0.000713250217291 -0.00358575098515 0.231791)
(2.23865434884e-19 -0.003656 0.231791)
(-0.000713250217291 -0.00358575098515 0.231791)
(-0.00139909062873 -0.00337770357086 0.231791)
(-0.00203116477192 -0.00303985290258 0.231791)
(-0.00258518239202 -0.00258518239202 0.231791)
(-0.00303985290258 -0.00203116477192 0.231791)
(-0.00337770357086 -0.00139909062873 0.231791)
(-0.00358575098515 -0.000713250217291 0.231791)
(-0.003656 -4.47730869768e-19 0.231791)
(-0.00358575098515 0.000713250217291 0.231791)
(-0.00337770357086 0.00139909062873 0.231791)
(-0.00303985290258 0.00203116477192 0.231791)
(-0.00258518239202 0.00258518239202 0.231791)
(-0.00203116477192 0.00303985290258 0.231791)
(-0.00139909062873 0.00337770357086 0.231791)
(-0.000713250217291 0.00358575098515 0.231791)
(-6.71596304652e-19 0.003656 0.231791)
(0.000713250217291 0.00358575098515 0.231791)
(0.00139909062873 0.00337770357086 0.231791)
(0.00203116477192 0.00303985290258 0.231791)
(0.00258518239202 0.00258518239202 0.231791)
(0.00303985290258 0.00203116477192 0.231791)
(0.00337770357086 0.00139909062873 0.231791)
(0.00358575098515 0.000713250217291 0.231791)
(0.003656 -0 0.264904)
(0.00358575098515 -0.000713250217291 0.264904)
(0.00337770357086 -0.00139909062873 0.264904)
(0.00303985290258 -0.00203116477192 0.264904)
(0.00258518239202 -0.00258518239202 0.264904)
(0.00203116477192 -0.00303985290258 0.264904)
(0.00139909062873 -0.00337770357086 0.264904)
(0.000713250217291 -0.00358575098515 0.264904)
(2.23865434884e-19 -0.003656 0.264904)
(-0.000713250217291 -0.00358575098515 0.264904)
(-0.00139909062873 -0.00337770357086 0.264904)
(-0.00203116477192 -0.00303985290258 0.264904)
(-0.00258518239202 -0.00258518239202 0.264904)
(-0.00303985290258 -0.00203116477192 0.264904)
(-0.00337770357086 -0.00139909062873 0.264904)
(-0.00358575098515 -0.000713250217291 0.264904)
(-0.003656 -4.47730869768e-19 0.264904)
(-0.00358575098515 0.000713250217291 0.264904)
(-0.00337770357086 0.00139909062873 0.264904)
(-0.00303985290258 0.00203116477192 0.264904)
(-0.00258518239202 0.00258518239202 0.264904)
(-0.00203116477192 0.00303985290258 0.264904)
(-0.00139909062873 0.00337770357086 0.264904)
(-0.000713250217291 0.00358575098515 0.264904)
(-6.71596304652e-19 0.003656 0.264904)
(0.000713250217291 0.00358575098515 0.264904)
(0.00139909062873 0.00337770357086 0.264904)
(0.00203116477192 0.00303985290258 0.264904)
(0.00258518239202 0.00258518239202 0.264904)
(0.00303985290258 0.00203116477192 0.264904)
(0.00337770357086 0.00139909062873 0.264904)
(0.00358575098515 0.000713250217291 0.264904)
(0.003656 -0 0.298017)
(0.00358575098515 -0.000713250217291 0.298017)
(0.00337770357086 -0.00139909062873 0.298017)
(0.00303985290258 -0.00203116477192 0.298017)
(0.00258518239202 -0.00258518239202 0.298017)
(0.00203116477192 -0.00303985290258 0.298017)
(0.00139909062873 -0.00337770357086 0.298017)
(0.000713250217291 -0.00358575098515 0.298017)
(2.23865434884e-19 -0.003656 0.298017)
(-0.000713250217291 -0.00358575098515 0.298017)
(-0.00139909062873 -0.00337770357086 0.298017)
(-0.00203116477192 -0.00303985290258 0.298017)
(-0.00258518239202 -0.00258518239202 0.298017)
(-0.00303985290258 -0.00203116477192 0.298017)
(-0.00337770357086 -0.00139909062873 0.298017)
(-0.00358575098515 -0.000713250217291 0.298017)
(-0.003656 -4.47730869768e-19 0.298017)
(-0.00358575098515 0.000713250217291 0.298017)
(-0.00337770357086 0.00139909062873 0.298017)
(-0.00303985290258 0.00203116477192 0.298017)
(-0.00258518239202 0.00258518239202 0.298017)
(-0.00203116477192 0.00303985290258 0.298017)
(-0.00139909062873 0.00337770357086 0.298017)
(-0.000713250217291 0.00358575098515 0.298017)
(-6.71596304652e-19 0.003656 0.298017)
(0.000713250217291 0.00358575098515 0.298017)
(0.00139909062873 0.00337770357086 0.298017)
(0.00203116477192 0.00303985290258 0.298017)
(0.00258518239202 0.00258518239202 0.298017)
(0.00303985290258 0.00203116477192 0.298017)
(0.00337770357086 0.00139909062873 0.298017)
(0.00358575098515 0.000713250217291 0.298017)
(0.003656 -0 0.33113)
(0.00358575098515 -0.000713250217291 0.33113)
(0.00337770357086 -0.00139909062873 0.33113)
(0.00303985290258 -0.00203116477192 0.33113)
(0.00258518239202 -0.00258518239202 0.33113)
(0.00203116477192 -0.00303985290258 0.33113)
(0.00139909062873 -0.00337770357086 0.33113)
(0.000713250217291 -0.00358575098515 0.33113)
(2.23865434884e-19 -0.003656 0.33113)
(-0.000713250217291 -0.00358575098515 0.33113)
(-0.00139909062873 -0.00337770357086 0.33113)
(-0.00203116477192 -0.00303985290258 0.33113)
(-0.00258518239202 -0.00258518239202 0.33113)
(-0.00303985290258 -0.00203116477192 0.33113)
(-0.00337770357086 -0.00139909062873 0.33113)
(-0.00358575098515 -0.000713250217291 0.33113)
(-0.003656 -4.47730869768e-19 0.33113)
(-0.00358575098515 0.000713250217291 0.33113)
(-0.00337770357086 0.00139909062873 0.33113)
(-0.00303985290258 0.00203116477192 0.33113)
(-0.00258518239202 0.00258518239202 0.33113)
(-0.00203116477192 0.00303985290258 0.33113)
(-0.00139909062873 0.00337770357086 0.33113)
(-0.000713250217291 0.00358575098515 0.33113)
(-6.71596304652e-19 0.003656 0.33113)
(0.000713250217291 0.00358575098515 0.33113)
(0.00139909062873 0.00337770357086 0.33113)
(0.00203116477192 0.00303985290258 0.33113)
(0.00258518239202 0.00258518239202 0.33113)
(0.00303985290258 0.00203116477192 0.33113)
(0.00337770357086 0.00139909062873 0.33113)
(0.00358575098515 0.000713250217291 0.33113)
(0.003656 -0 0.364243)
(0.00358575098515 -0.000713250217291 0.364243)
(0.00337770357086 -0.00139909062873 0.364243)
(0.00303985290258 -0.00203116477192 0.364243)
(0.00258518239202 -0.00258518239202 0.364243)
(0.00203116477192 -0.00303985290258 0.364243)
(0.00139909062873 -0.00337770357086 0.364243)
(0.000713250217291 -0.00358575098515 0.364243)
(2.23865434884e-19 -0.003656 0.364243)
(-0.000713250217291 -0.00358575098515 0.364243)
(-0.00139909062873 -0.00337770357086 0.364243)
(-0.00203116477192 -0.00303985290258 0.364243)
(-0.00258518239202 -0.00258518239202 0.364243)
(-0.00303985290258 -0.00203116477192 0.364243)
(-0.00337770357086 -0.00139909062873 0.364243)
(-0.00358575098515 -0.000713250217291 0.364243)
(-0.003656 -4.47730869768e-19 0.364243)
(-0.00358575098515 0.000713250217291 0.364243)
(-0.00337770357086 0.00139909062873 0.364243)
(-0.00303985290258 0.00203116477192 0.364243)
(-0.00258518239202 0.00258518239202 0.364243)
(-0.00203116477192 0.00303985290258 0.364243)
(-0.00139909062873 0.00337770357086 0.364243)
(-0.000713250217291 0.00358575098515 0.364243)
(-6.71596304652e-19 0.003656 0.364243)
(0.000713250217291 0.00358575098515 0.364243)
(0.00139909062873 0.00337770357086 0.364243)
(0.00203116477192 0.00303985290258 0.364243)
(0.00258518239202 0.00258518239202 0.364243)
(0.00303985290258 0.00203116477192 0.364243)
(0.00337770357086 0.00139909062873 0.364243)
(0.00358575098515 0.000713250217291 0.364243)
(0.003656 -0 0.397356)
(0.00358575098515 -0.000713250217291 0.397356)
(0.00337770357086 -0.00139909062873 0.397356)
(0.00303985290258 -0.00203116477192 0.397356)
(0.00258518239202 -0.00258518239202 0.397356)
(0.00203116477192 -0.00303985290258 0.397356)
(0.00139909062873 -0.00337770357086 0.397356)
(0.000713250217291 -0.00358575098515 0.397356)
(2.23865434884e-19 -0.003656 0.397356)
(-0.000713250217291 -0.00358575098515 0.397356)
(-0.00139909062873 -0.00337770357086 0.397356)
(-0.00203116477192 -0.00303985290258 0.397356)
(-0.00258518239202 -0.00258518239202 0.397356)
(-0.00303985290258 -0.00203116477192 0.397356)
(-0.00337770357086 -0.00139909062873 0.397356)
(-0.00358575098515 -0.000713250217291 0.397356)
(-0.003656 -4.47730869768e-19 0.397356)
(-0.00358575098515 0.000713250217291 0.397356)
(-0.00337770357086 0.00139909062873 0.397356)
(-0.00303985290258 0.00203116477192 0.397356)
(-0.00258518239202 0.00258518239202 0.397356)
(-0.00203116477192 0.00303985290258 0.397356)
(-0.00139909062873 0.00337770357086 0.397356)
(-0.000713250217291 0.00358575098515 0.397356)
(-6.71596304652e-19 0.003656 0.397356)
(0.000713250217291 0.00358575098515 0.397356)
(0.00139909062873 0.00337770357086 0.397356)
(0.00203116477192 0.00303985290258 0.397356)
(0.00258518239202 0.00258518239202 0.397356)
(0.00303985290258 0.00203116477192 0.397356)
(0.00337770357086 0.00139909062873 0.397356)
(0.00358575098515 0.000713250217291 0.397356)
(0.003656 -0 0.430469)
(0.00358575098515 -0.000713250217291 0.430469)
(0.00337770357086 -0.00139909062873 0.430469)
(0.00303985290258 -0.00203116477192 0.430469)
(0.00258518239202 -0.00258518239202 0.430469)
(0.00203116477192 -0.00303985290258 0.430469)
(0.00139909062873 -0.00337770357086 0.430469)
(0.000713250217291 -0.00358575098515 0.430469)
(2.23865434884e-19 -0.003656 0.430469)
(-0.000713250217291 -0.00358575098515 0.430469)
(-0.00139909062873 -0.00337770357086 0.430469)
(-0.00203116477192 -0.00303985290258 0.430469)
(-0.00258518239202 -0.00258518239202 0.430469)
(-0.00303985290258 -0.00203116477192 0.430469)
(-0.00337770357086 -0.00139909062873 0.430469)
(-0.00358575098515 -0.000713250217291 0.430469)
(-0.003656 -4.47730869768e-19 0.430469)
(-0.00358575098515 0.000713250217291 0.430469)
(-0.00337770357086 0.00139909062873 0.430469)
(-0.00303985290258 0.00203116477192 0.430469)
(-0.00258518239202 0.00258518239202 0.430469)
(-0.00203116477192 0.00303985290258 0.430469)
(-0.00139909062873 0.00337770357086 0.430469)
(-0.000713250217291 0.00358575098515 0.430469)
(-6.71596304652e-19 0.003656 0.430469)
(0.000713250217291 0.00358575098515 0.430469)
(0.00139909062873 0.00337770357086 0.430469)
(0.00203116477192 0.00303985290258 0.430469)
(0.00258518239202 0.00258518239202 0.430469)
(0.00303985290258 0.00203116477192 0.430469)
(0.00337770357086 0.00139909062873 0.430469)
(0.00358575098515 0.000713250217291 0.430469)
(0.003656 -0 0.463582)
(0.00358575098515 -0.000713250217291 0.463582)
(0.00337770357086 -0.00139909062873 0.463582)
(0.00303985290258 -0.00203116477192 0.463582)
(0.00258518239202 -0.00258518239202 0.463582)
(0.00203116477192 -0.00303985290258 0.463582)
(0.00139909062873 -0.00337770357086 0.463582)
(0.000713250217291 -0.00358575098515 0.463582)
(2.23865434884e-19 -0.003656 0.463582)
(-0.000713250217291 -0.00358575098515 0.463582)
(-0.00139909062873 -0.00337770357086 0.463582)
(-0.00203116477192 -0.00303985290258 0.463582)
(-0.00258518239202 -0.00258518239202 0.463582)
(-0.00303985290258 -0.00203116477192 0.463582)
(-0.00337770357086 -0.00139909062873 0.463582)
(-0.00358575098515 -0.000713250217291 0.463582)
(-0.003656 -4.47730869768e-19 0.463582)
(-0.00358575098515 0.000713250217291 0.463582)
(-0.00337770357086 0.00139909062873 0.463582)
(-0.00303985290258 0.00203116477192 0.463582)
(-0.00258518239202 0.00258518239202 0.463582)
(-0.00203116477192 0.00303985290258 0.463582)
(-0.00139909062873 0.00337770357086 0.463582)
(-0.000713250217291 0.00358575098515 0.463582)
(-6.71596304652e-19 0.003656 0.463582)
(0.000713250217291 0.00358575098515 0.463582)
(0.00139909062873 0.00337770357086 0.463582)
(0.00203116477192 0.00303985290258 0.463582)
(0.00258518239202 0.00258518239202 0.463582)
(0.00303985290258 0.00203116477192 0.463582)
(0.00337770357086 0.00139909062873 0.463582)
(0.00358575098515 0.000713250217291 0.463582)
(0.003656 -0 0.496695)
(0.00358575098515 -0.000713250217291 0.496695)
(0.00337770357086 -0.00139909062873 0.496695)
(0.00303985290258 -0.00203116477192 0.496695)
(0.00258518239202 -0.00258518239202 0.496695)
(0.00203116477192 -0.00303985290258 0.496695)
(0.00139909062873 -0.00337770357086 0.496695)
(0.000713250217291 -0.00358575098515 0.496695)
(2.23865434884e-19 -0.003656 0.496695)
(-0.000713250217291 -0.00358575098515 0.496695)
(-0.00139909062873 -0.00337770357086 0.496695)
(-0.00203116477192 -0.00303985290258 0.496695)
(-0.00258518239202 -0.00258518239202 0.496695)
(-0.00303985290258 -0.00203116477192 0.496695)
(-0.00337770357086 -0.00139909062873 0.496695)
(-0.00358575098515 -0.000713250217291 0.496695)
(-0.003656 -4.47730869768e-19 0.496695)
(-0.00358575098515 0.000713250217291 0.496695)
(-0.00337770357086 0.00139909062873 0.496695)
(-0.00303985290258 0.00203116477192 0.496695)
(-0.00258518239202 0.00258518239202 0.496695)
(-0.00203116477192 0.00303985290258 0.496695)
(-0.00139909062873 0.00337770357086 0.496695)
(-0.000713250217291 0.00358575098515 0.496695)
(-6.71596304652e-19 0.003656 0.496695)
(0.000713250217291 0.00358575098515 0.496695)
(0.00139909062873 0.00337770357086 0.496695)
(0.00203116477192 0.00303985290258 0.496695)
(0.00258518239202 0.00258518239202 0.496695)
(0.00303985290258 0.00203116477192 0.496695)
(0.00337770357086 0.00139909062873 0.496695)
(0.00358575098515 0.000713250217291 0.496695)
(0.003656 -0 0.529808)
(0.00358575098515 -0.000713250217291 0.529808)
(0.00337770357086 -0.00139909062873 0.529808)
(0.00303985290258 -0.00203116477192 0.529808)
(0.00258518239202 -0.00258518239202 0.529808)
(0.00203116477192 -0.00303985290258 0.529808)
(0.00139909062873 -0.00337770357086 0.529808)
(0.000713250217291 -0.00358575098515 0.529808)
(2.23865434884e-19 -0.003656 0.529808)
(-0.000713250217291 -0.00358575098515 0.529808)
(-0.00139909062873 -0.00337770357086 0.529808)
(-0.00203116477192 -0.00303985290258 0.529808)
(-0.00258518239202 -0.00258518239202 0.529808)
(-0.00303985290258 -0.00203116477192 0.529808)
(-0.00337770357086 -0.00139909062873 0.529808)
(-0.00358575098515 -0.000713250217291 0.529808)
(-0.003656 -4.47730869768e-19 0.529808)
(-0.00358575098515 0.000713250217291 0.529808)
(-0.00337770357086 0.00139909062873 0.529808)
(-0.00303985290258 0.00203116477192 0.529808)
(-0.00258518239202 0.00258518239202 0.529808)
(-0.00203116477192 0.00303985290258 0.529808)
(-0.00139909062873 0.00337770357086 0.529808)
(-0.000713250217291 0.00358575098515 0.529808)
(-6.71596304652e-19 0.003656 0.529808)
(0.000713250217291 0.00358575098515 0.529808)
(0.00139909062873 0.00337770357086 0.529808)
(0.00203116477192 0.00303985290258 0.529808)
(0.00258518239202 0.00258518239202 0.529808)
(0.00303985290258 0.00203116477192 0.529808)
(0.00337770357086 0.00139909062873 0.529808)
(0.00358575098515 0.000713250217291 0.529808)
(0.003656 -0 0.562921)
(0.00358575098515 -0.000713250217291 0.562921)
(0.00337770357086 -0.00139909062873 0.562921)
(0.00303985290258 -0.00203116477192 0.562921)
(0.00258518239202 -0.00258518239202 0.562921)
(0.00203116477192 -0.00303985290258 0.562921)
(0.00139909062873 -0.00337770357086 0.562921)
(0.000713250217291 -0.00358575098515 0.562921)
(2.23865434884e-19 -0.003656 0.562921)
(-0.000713250217291 -0.00358575098515 0.562921)
(-0.00139909062873 -0.00337770357086 0.562921)
(-0.00203116477192 -0.00303985290258 0.562921)
(-0.00258518239202 -0.00258518239202 0.562921)
(-0.00303985290258 -0.00203116477192 0.562921)
(-0.00337770357086 -0.00139909062873 0.562921)
(-0.00358575098515 -0.000713250217291 0.562921)
(-0.003656 -4.47730869768e-19 0.562921)
(-0.00358575098515 0.000713250217291 0.562921)
(-0.00337770357086 0.00139909062873 0.562921)
(-0.00303985290258 0.00203116477192 0.562921)
(-0.00258518239202 0.00258518239202 0.562921)
(-0.00203116477192 0.00303985290258 0.562921)
(-0.00139909062873 0.00337770357086 0.562921)
(-0.000713250217291 0.00358575098515 0.562921)
(-6.71596304652e-19 0.003656 0.562921)
(0.000713250217291 0.00358575098515 0.562921)
(0.00139909062873 0.00337770357086 0.562921)
(0.00203116477192 0.00303985290258 0.562921)
(0.00258518239202 0.00258518239202 0.562921)
(0.00303985290258 0.00203116477192 0.562921)
(0.00337770357086 0.00139909062873 0.562921)
(0.00358575098515 0.000713250217291 0.562921)
(0.003656 -0 0.596034)
(0.00358575098515 -0.000713250217291 0.596034)
(0.00337770357086 -0.00139909062873 0.596034)
(0.00303985290258 -0.00203116477192 0.596034)
(0.00258518239202 -0.00258518239202 0.596034)
(0.00203116477192 -0.00303985290258 0.596034)
(0.00139909062873 -0.00337770357086 0.596034)
(0.000713250217291 -0.00358575098515 0.596034)
(2.23865434884e-19 -0.003656 0.596034)
(-0.000713250217291 -0.00358575098515 0.596034)
(-0.00139909062873 -0.00337770357086 0.596034)
(-0.00203116477192 -0.00303985290258 0.596034)
(-0.00258518239202 -0.00258518239202 0.596034)
(-0.00303985290258 -0.00203116477192 0.596034)
(-0.00337770357086 -0.00139909062873 0.596034)
(-0.00358575098515 -0.000713250217291 0.596034)
(-0.003656 -4.47730869768e-19 0.596034)
(-0.00358575098515 0.000713250217291 0.596034)
(-0.00337770357086 0.00139909062873 0.596034)
(-0.00303985290258 0.00203116477192 0.596034)
(-0.00258518239202 0.00258518239202 0.596034)
(-0.00203116477192 0.00303985290258 0.596034)
(-0.00139909062873 0.00337770357086 0.596034)
(-0.000713250217291 0.00358575098515 0.596034)
(-6.71596304652e-19 0.003656 0.596034)
(0.000713250217291 0.00358575098515 0.596034)
(0.00139909062873 0.00337770357086 0.596034)
(0.00203116477192 0.00303985290258 0.596034)
(0.00258518239202 0.00258518239202 0.596034)
(0.00303985290258 0.00203116477192 0.596034)
(0.00337770357086 0.00139909062873 0.596034)
(0.00358575098515 0.000713250217291 0.596034)
(0.003656 -0 0.629147)
(0.00358575098515 -0.000713250217291 0.629147)
(0.00337770357086 -0.00139909062873 0.629147)
(0.00303985290258 -0.00203116477192 0.629147)
(0.00258518239202 -0.00258518239202 0.629147)
(0.00203116477192 -0.00303985290258 0.629147)
(0.00139909062873 -0.00337770357086 0.629147)
(0.000713250217291 -0.00358575098515 0.629147)
(2.23865434884e-19 -0.003656 0.629147)
(-0.000713250217291 -0.00358575098515 0.629147)
(-0.00139909062873 -0.00337770357086 0.629147)
(-0.00203116477192 -0.00303985290258 0.629147)
(-0.00258518239202 -0.00258518239202 0.629147)
(-0.00303985290258 -0.00203116477192 0.629147)
(-0.00337770357086 -0.00139909062873 0.629147)
(-0.00358575098515 -0.000713250217291 0.629147)
(-0.003656 -4.47730869768e-19 0.629147)
(-0.00358575098515 0.000713250217291 0.629147)
(-0.00337770357086 0.00139909062873 0.629147)
(-0.00303985290258 0.00203116477192 0.629147)
(-0.00258518239202 0.00258518239202 0.629147)
(-0.00203116477192 0.00303985290258 0.629147)
(-0.00139909062873 0.00337770357086 0.629147)
(-0.000713250217291 0.00358575098515 0.629147)
(-6.71596304652e-19 0.003656 0.629147)
(0.000713250217291 0.00358575098515 0.629147)
(0.00139909062873 0.00337770357086 0.629147)
(0.00203116477192 0.00303985290258 0.629147)
(0.00258518239202 0.00258518239202 0.629147)
(0.00303985290258 0.00203116477192 0.629147)
(0.00337770357086 0.00139909062873 0.629147)
(0.00358575098515 0.000713250217291 0.629147)
(0.003656 -0 0.66226)
(0.00358575098515 -0.000713250217291 0.66226)
(0.00337770357086 -0.00139909062873 0.66226)
(0.00303985290258 -0.00203116477192 0.66226)
(0.00258518239202 -0.00258518239202 0.66226)
(0.00203116477192 -0.00303985290258 0.66226)
(0.00139909062873 -0.00337770357086 0.66226)
(0.000713250217291 -0.00358575098515 0.66226)
(2.23865434884e-19 -0.003656 0.66226)
(-0.000713250217291 -0.00358575098515 0.66226)
(-0.00139909062873 -0.00337770357086 0.66226)
(-0.00203116477192 -0.00303985290258 0.66226)
(-0.00258518239202 -0.00258518239202 0.66226)
(-0.00303985290258 -0.00203116477192 0.66226)
(-0.00337770357086 -0.00139909062873 0.66226)
(-0.00358575098515 -0.000713250217291 0.66226)
(-0.003656 -4.47730869768e-19 0.66226)
(-0.00358575098515 0.000713250217291 0.66226)
(-0.00337770357086 0.00139909062873 0.66226)
(-0.00303985290258 0.00203116477192 0.66226)
(-0.00258518239202 0.00258518239202 0.66226)
(-0.00203116477192 0.00303985290258 0.66226)
(-0.00139909062873 0.00337770357086 0.66226)
(-0.000713250217291 0.00358575098515 0.66226)
(-6.71596304652e-19 0.003656 0.66226)
(0.000713250217291 0.00358575098515 0.66226)
(0.00139909062873 0.00337770357086 0.66226)
(0.00203116477192 0.00303985290258 0.66226)
(0.00258518239202 0.00258518239202 0.66226)
(0.00303985290258 0.00203116477192 0.66226)
(0.00337770357086 0.00139909062873 0.66226)
(0.00358575098515 0.000713250217291 0.66226)
)


// ************************************************************************* //
