/*--------------------------------*- C++ -*----------------------------------*\
| =========                 |                                                 |
| \\      /  F ield         | OpenFOAM: The Open Source CFD Toolbox           |
|  \\    /   O peration     | Version:  v2012                                 |
|   \\  /    A nd           | Website:  www.openfoam.com                      |
|    \\/     M anipulation  |                                                 |
\*---------------------------------------------------------------------------*/
FoamFile
{
    version     2.0;
    format      ascii;
    class       faceList;
    location    "constant/beamone/polyMesh";
    object      faces;
}
// * * * * * * * * * * * * * * * * * * * * * * * * * * * * * * * * * * * * * //


661
(

32
(
32
63
62
61
60
59
58
57
56
55
54
53
52
51
50
49
48
47
46
45
44
43
42
41
40
39
38
37
36
35
34
33
)


32
(
64
95
94
93
92
91
90
89
88
87
86
85
84
83
82
81
80
79
78
77
76
75
74
73
72
71
70
69
68
67
66
65
)


32
(
96
127
126
125
124
123
122
121
120
119
118
117
116
115
114
113
112
111
110
109
108
107
106
105
104
103
102
101
100
99
98
97
)


32
(
128
159
158
157
156
155
154
153
152
151
150
149
148
147
146
145
144
143
142
141
140
139
138
137
136
135
134
133
132
131
130
129
)


32
(
160
191
190
189
188
187
186
185
184
183
182
181
180
179
178
177
176
175
174
173
172
171
170
169
168
167
166
165
164
163
162
161
)


32
(
192
223
222
221
220
219
218
217
216
215
214
213
212
211
210
209
208
207
206
205
204
203
202
201
200
199
198
197
196
195
194
193
)


32
(
224
255
254
253
252
251
250
249
248
247
246
245
244
243
242
241
240
239
238
237
236
235
234
233
232
231
230
229
228
227
226
225
)


32
(
256
287
286
285
284
283
282
281
280
279
278
277
276
275
274
273
272
271
270
269
268
267
266
265
264
263
262
261
260
259
258
257
)


32
(
288
319
318
317
316
315
314
313
312
311
310
309
308
307
306
305
304
303
302
301
300
299
298
297
296
295
294
293
292
291
290
289
)


32
(
320
351
350
349
348
347
346
345
344
343
342
341
340
339
338
337
336
335
334
333
332
331
330
329
328
327
326
325
324
323
322
321
)


32
(
352
383
382
381
380
379
378
377
376
375
374
373
372
371
370
369
368
367
366
365
364
363
362
361
360
359
358
357
356
355
354
353
)


32
(
384
415
414
413
412
411
410
409
408
407
406
405
404
403
402
401
400
399
398
397
396
395
394
393
392
391
390
389
388
387
386
385
)


32
(
416
447
446
445
444
443
442
441
440
439
438
437
436
435
434
433
432
431
430
429
428
427
426
425
424
423
422
421
420
419
418
417
)


32
(
448
479
478
477
476
475
474
473
472
471
470
469
468
467
466
465
464
463
462
461
460
459
458
457
456
455
454
453
452
451
450
449
)


32
(
480
511
510
509
508
507
506
505
504
503
502
501
500
499
498
497
496
495
494
493
492
491
490
489
488
487
486
485
484
483
482
481
)


32
(
512
543
542
541
540
539
538
537
536
535
534
533
532
531
530
529
528
527
526
525
524
523
522
521
520
519
518
517
516
515
514
513
)


32
(
544
575
574
573
572
571
570
569
568
567
566
565
564
563
562
561
560
559
558
557
556
555
554
553
552
551
550
549
548
547
546
545
)


32
(
576
607
606
605
604
603
602
601
600
599
598
597
596
595
594
593
592
591
590
589
588
587
586
585
584
583
582
581
580
579
578
577
)


32
(
608
639
638
637
636
635
634
633
632
631
630
629
628
627
626
625
624
623
622
621
620
619
618
617
616
615
614
613
612
611
610
609
)


32
(
0
1
2
3
4
5
6
7
8
9
10
11
12
13
14
15
16
17
18
19
20
21
22
23
24
25
26
27
28
29
30
31
)


32
(
640
671
670
669
668
667
666
665
664
663
662
661
660
659
658
657
656
655
654
653
652
651
650
649
648
647
646
645
644
643
642
641
)

4(0 32 33 1)
4(1 33 34 2)
4(2 34 35 3)
4(3 35 36 4)
4(4 36 37 5)
4(5 37 38 6)
4(6 38 39 7)
4(7 39 40 8)
4(8 40 41 9)
4(9 41 42 10)
4(10 42 43 11)
4(11 43 44 12)
4(12 44 45 13)
4(13 45 46 14)
4(14 46 47 15)
4(15 47 48 16)
4(16 48 49 17)
4(17 49 50 18)
4(18 50 51 19)
4(19 51 52 20)
4(20 52 53 21)
4(21 53 54 22)
4(22 54 55 23)
4(23 55 56 24)
4(24 56 57 25)
4(25 57 58 26)
4(26 58 59 27)
4(27 59 60 28)
4(28 60 61 29)
4(29 61 62 30)
4(30 62 63 31)
4(31 63 32 0)
4(32 64 65 33)
4(33 65 66 34)
4(34 66 67 35)
4(35 67 68 36)
4(36 68 69 37)
4(37 69 70 38)
4(38 70 71 39)
4(39 71 72 40)
4(40 72 73 41)
4(41 73 74 42)
4(42 74 75 43)
4(43 75 76 44)
4(44 76 77 45)
4(45 77 78 46)
4(46 78 79 47)
4(47 79 80 48)
4(48 80 81 49)
4(49 81 82 50)
4(50 82 83 51)
4(51 83 84 52)
4(52 84 85 53)
4(53 85 86 54)
4(54 86 87 55)
4(55 87 88 56)
4(56 88 89 57)
4(57 89 90 58)
4(58 90 91 59)
4(59 91 92 60)
4(60 92 93 61)
4(61 93 94 62)
4(62 94 95 63)
4(63 95 64 32)
4(64 96 97 65)
4(65 97 98 66)
4(66 98 99 67)
4(67 99 100 68)
4(68 100 101 69)
4(69 101 102 70)
4(70 102 103 71)
4(71 103 104 72)
4(72 104 105 73)
4(73 105 106 74)
4(74 106 107 75)
4(75 107 108 76)
4(76 108 109 77)
4(77 109 110 78)
4(78 110 111 79)
4(79 111 112 80)
4(80 112 113 81)
4(81 113 114 82)
4(82 114 115 83)
4(83 115 116 84)
4(84 116 117 85)
4(85 117 118 86)
4(86 118 119 87)
4(87 119 120 88)
4(88 120 121 89)
4(89 121 122 90)
4(90 122 123 91)
4(91 123 124 92)
4(92 124 125 93)
4(93 125 126 94)
4(94 126 127 95)
4(95 127 96 64)
4(96 128 129 97)
4(97 129 130 98)
4(98 130 131 99)
4(99 131 132 100)
4(100 132 133 101)
4(101 133 134 102)
4(102 134 135 103)
4(103 135 136 104)
4(104 136 137 105)
4(105 137 138 106)
4(106 138 139 107)
4(107 139 140 108)
4(108 140 141 109)
4(109 141 142 110)
4(110 142 143 111)
4(111 143 144 112)
4(112 144 145 113)
4(113 145 146 114)
4(114 146 147 115)
4(115 147 148 116)
4(116 148 149 117)
4(117 149 150 118)
4(118 150 151 119)
4(119 151 152 120)
4(120 152 153 121)
4(121 153 154 122)
4(122 154 155 123)
4(123 155 156 124)
4(124 156 157 125)
4(125 157 158 126)
4(126 158 159 127)
4(127 159 128 96)
4(128 160 161 129)
4(129 161 162 130)
4(130 162 163 131)
4(131 163 164 132)
4(132 164 165 133)
4(133 165 166 134)
4(134 166 167 135)
4(135 167 168 136)
4(136 168 169 137)
4(137 169 170 138)
4(138 170 171 139)
4(139 171 172 140)
4(140 172 173 141)
4(141 173 174 142)
4(142 174 175 143)
4(143 175 176 144)
4(144 176 177 145)
4(145 177 178 146)
4(146 178 179 147)
4(147 179 180 148)
4(148 180 181 149)
4(149 181 182 150)
4(150 182 183 151)
4(151 183 184 152)
4(152 184 185 153)
4(153 185 186 154)
4(154 186 187 155)
4(155 187 188 156)
4(156 188 189 157)
4(157 189 190 158)
4(158 190 191 159)
4(159 191 160 128)
4(160 192 193 161)
4(161 193 194 162)
4(162 194 195 163)
4(163 195 196 164)
4(164 196 197 165)
4(165 197 198 166)
4(166 198 199 167)
4(167 199 200 168)
4(168 200 201 169)
4(169 201 202 170)
4(170 202 203 171)
4(171 203 204 172)
4(172 204 205 173)
4(173 205 206 174)
4(174 206 207 175)
4(175 207 208 176)
4(176 208 209 177)
4(177 209 210 178)
4(178 210 211 179)
4(179 211 212 180)
4(180 212 213 181)
4(181 213 214 182)
4(182 214 215 183)
4(183 215 216 184)
4(184 216 217 185)
4(185 217 218 186)
4(186 218 219 187)
4(187 219 220 188)
4(188 220 221 189)
4(189 221 222 190)
4(190 222 223 191)
4(191 223 192 160)
4(192 224 225 193)
4(193 225 226 194)
4(194 226 227 195)
4(195 227 228 196)
4(196 228 229 197)
4(197 229 230 198)
4(198 230 231 199)
4(199 231 232 200)
4(200 232 233 201)
4(201 233 234 202)
4(202 234 235 203)
4(203 235 236 204)
4(204 236 237 205)
4(205 237 238 206)
4(206 238 239 207)
4(207 239 240 208)
4(208 240 241 209)
4(209 241 242 210)
4(210 242 243 211)
4(211 243 244 212)
4(212 244 245 213)
4(213 245 246 214)
4(214 246 247 215)
4(215 247 248 216)
4(216 248 249 217)
4(217 249 250 218)
4(218 250 251 219)
4(219 251 252 220)
4(220 252 253 221)
4(221 253 254 222)
4(222 254 255 223)
4(223 255 224 192)
4(224 256 257 225)
4(225 257 258 226)
4(226 258 259 227)
4(227 259 260 228)
4(228 260 261 229)
4(229 261 262 230)
4(230 262 263 231)
4(231 263 264 232)
4(232 264 265 233)
4(233 265 266 234)
4(234 266 267 235)
4(235 267 268 236)
4(236 268 269 237)
4(237 269 270 238)
4(238 270 271 239)
4(239 271 272 240)
4(240 272 273 241)
4(241 273 274 242)
4(242 274 275 243)
4(243 275 276 244)
4(244 276 277 245)
4(245 277 278 246)
4(246 278 279 247)
4(247 279 280 248)
4(248 280 281 249)
4(249 281 282 250)
4(250 282 283 251)
4(251 283 284 252)
4(252 284 285 253)
4(253 285 286 254)
4(254 286 287 255)
4(255 287 256 224)
4(256 288 289 257)
4(257 289 290 258)
4(258 290 291 259)
4(259 291 292 260)
4(260 292 293 261)
4(261 293 294 262)
4(262 294 295 263)
4(263 295 296 264)
4(264 296 297 265)
4(265 297 298 266)
4(266 298 299 267)
4(267 299 300 268)
4(268 300 301 269)
4(269 301 302 270)
4(270 302 303 271)
4(271 303 304 272)
4(272 304 305 273)
4(273 305 306 274)
4(274 306 307 275)
4(275 307 308 276)
4(276 308 309 277)
4(277 309 310 278)
4(278 310 311 279)
4(279 311 312 280)
4(280 312 313 281)
4(281 313 314 282)
4(282 314 315 283)
4(283 315 316 284)
4(284 316 317 285)
4(285 317 318 286)
4(286 318 319 287)
4(287 319 288 256)
4(288 320 321 289)
4(289 321 322 290)
4(290 322 323 291)
4(291 323 324 292)
4(292 324 325 293)
4(293 325 326 294)
4(294 326 327 295)
4(295 327 328 296)
4(296 328 329 297)
4(297 329 330 298)
4(298 330 331 299)
4(299 331 332 300)
4(300 332 333 301)
4(301 333 334 302)
4(302 334 335 303)
4(303 335 336 304)
4(304 336 337 305)
4(305 337 338 306)
4(306 338 339 307)
4(307 339 340 308)
4(308 340 341 309)
4(309 341 342 310)
4(310 342 343 311)
4(311 343 344 312)
4(312 344 345 313)
4(313 345 346 314)
4(314 346 347 315)
4(315 347 348 316)
4(316 348 349 317)
4(317 349 350 318)
4(318 350 351 319)
4(319 351 320 288)
4(320 352 353 321)
4(321 353 354 322)
4(322 354 355 323)
4(323 355 356 324)
4(324 356 357 325)
4(325 357 358 326)
4(326 358 359 327)
4(327 359 360 328)
4(328 360 361 329)
4(329 361 362 330)
4(330 362 363 331)
4(331 363 364 332)
4(332 364 365 333)
4(333 365 366 334)
4(334 366 367 335)
4(335 367 368 336)
4(336 368 369 337)
4(337 369 370 338)
4(338 370 371 339)
4(339 371 372 340)
4(340 372 373 341)
4(341 373 374 342)
4(342 374 375 343)
4(343 375 376 344)
4(344 376 377 345)
4(345 377 378 346)
4(346 378 379 347)
4(347 379 380 348)
4(348 380 381 349)
4(349 381 382 350)
4(350 382 383 351)
4(351 383 352 320)
4(352 384 385 353)
4(353 385 386 354)
4(354 386 387 355)
4(355 387 388 356)
4(356 388 389 357)
4(357 389 390 358)
4(358 390 391 359)
4(359 391 392 360)
4(360 392 393 361)
4(361 393 394 362)
4(362 394 395 363)
4(363 395 396 364)
4(364 396 397 365)
4(365 397 398 366)
4(366 398 399 367)
4(367 399 400 368)
4(368 400 401 369)
4(369 401 402 370)
4(370 402 403 371)
4(371 403 404 372)
4(372 404 405 373)
4(373 405 406 374)
4(374 406 407 375)
4(375 407 408 376)
4(376 408 409 377)
4(377 409 410 378)
4(378 410 411 379)
4(379 411 412 380)
4(380 412 413 381)
4(381 413 414 382)
4(382 414 415 383)
4(383 415 384 352)
4(384 416 417 385)
4(385 417 418 386)
4(386 418 419 387)
4(387 419 420 388)
4(388 420 421 389)
4(389 421 422 390)
4(390 422 423 391)
4(391 423 424 392)
4(392 424 425 393)
4(393 425 426 394)
4(394 426 427 395)
4(395 427 428 396)
4(396 428 429 397)
4(397 429 430 398)
4(398 430 431 399)
4(399 431 432 400)
4(400 432 433 401)
4(401 433 434 402)
4(402 434 435 403)
4(403 435 436 404)
4(404 436 437 405)
4(405 437 438 406)
4(406 438 439 407)
4(407 439 440 408)
4(408 440 441 409)
4(409 441 442 410)
4(410 442 443 411)
4(411 443 444 412)
4(412 444 445 413)
4(413 445 446 414)
4(414 446 447 415)
4(415 447 416 384)
4(416 448 449 417)
4(417 449 450 418)
4(418 450 451 419)
4(419 451 452 420)
4(420 452 453 421)
4(421 453 454 422)
4(422 454 455 423)
4(423 455 456 424)
4(424 456 457 425)
4(425 457 458 426)
4(426 458 459 427)
4(427 459 460 428)
4(428 460 461 429)
4(429 461 462 430)
4(430 462 463 431)
4(431 463 464 432)
4(432 464 465 433)
4(433 465 466 434)
4(434 466 467 435)
4(435 467 468 436)
4(436 468 469 437)
4(437 469 470 438)
4(438 470 471 439)
4(439 471 472 440)
4(440 472 473 441)
4(441 473 474 442)
4(442 474 475 443)
4(443 475 476 444)
4(444 476 477 445)
4(445 477 478 446)
4(446 478 479 447)
4(447 479 448 416)
4(448 480 481 449)
4(449 481 482 450)
4(450 482 483 451)
4(451 483 484 452)
4(452 484 485 453)
4(453 485 486 454)
4(454 486 487 455)
4(455 487 488 456)
4(456 488 489 457)
4(457 489 490 458)
4(458 490 491 459)
4(459 491 492 460)
4(460 492 493 461)
4(461 493 494 462)
4(462 494 495 463)
4(463 495 496 464)
4(464 496 497 465)
4(465 497 498 466)
4(466 498 499 467)
4(467 499 500 468)
4(468 500 501 469)
4(469 501 502 470)
4(470 502 503 471)
4(471 503 504 472)
4(472 504 505 473)
4(473 505 506 474)
4(474 506 507 475)
4(475 507 508 476)
4(476 508 509 477)
4(477 509 510 478)
4(478 510 511 479)
4(479 511 480 448)
4(480 512 513 481)
4(481 513 514 482)
4(482 514 515 483)
4(483 515 516 484)
4(484 516 517 485)
4(485 517 518 486)
4(486 518 519 487)
4(487 519 520 488)
4(488 520 521 489)
4(489 521 522 490)
4(490 522 523 491)
4(491 523 524 492)
4(492 524 525 493)
4(493 525 526 494)
4(494 526 527 495)
4(495 527 528 496)
4(496 528 529 497)
4(497 529 530 498)
4(498 530 531 499)
4(499 531 532 500)
4(500 532 533 501)
4(501 533 534 502)
4(502 534 535 503)
4(503 535 536 504)
4(504 536 537 505)
4(505 537 538 506)
4(506 538 539 507)
4(507 539 540 508)
4(508 540 541 509)
4(509 541 542 510)
4(510 542 543 511)
4(511 543 512 480)
4(512 544 545 513)
4(513 545 546 514)
4(514 546 547 515)
4(515 547 548 516)
4(516 548 549 517)
4(517 549 550 518)
4(518 550 551 519)
4(519 551 552 520)
4(520 552 553 521)
4(521 553 554 522)
4(522 554 555 523)
4(523 555 556 524)
4(524 556 557 525)
4(525 557 558 526)
4(526 558 559 527)
4(527 559 560 528)
4(528 560 561 529)
4(529 561 562 530)
4(530 562 563 531)
4(531 563 564 532)
4(532 564 565 533)
4(533 565 566 534)
4(534 566 567 535)
4(535 567 568 536)
4(536 568 569 537)
4(537 569 570 538)
4(538 570 571 539)
4(539 571 572 540)
4(540 572 573 541)
4(541 573 574 542)
4(542 574 575 543)
4(543 575 544 512)
4(544 576 577 545)
4(545 577 578 546)
4(546 578 579 547)
4(547 579 580 548)
4(548 580 581 549)
4(549 581 582 550)
4(550 582 583 551)
4(551 583 584 552)
4(552 584 585 553)
4(553 585 586 554)
4(554 586 587 555)
4(555 587 588 556)
4(556 588 589 557)
4(557 589 590 558)
4(558 590 591 559)
4(559 591 592 560)
4(560 592 593 561)
4(561 593 594 562)
4(562 594 595 563)
4(563 595 596 564)
4(564 596 597 565)
4(565 597 598 566)
4(566 598 599 567)
4(567 599 600 568)
4(568 600 601 569)
4(569 601 602 570)
4(570 602 603 571)
4(571 603 604 572)
4(572 604 605 573)
4(573 605 606 574)
4(574 606 607 575)
4(575 607 576 544)
4(576 608 609 577)
4(577 609 610 578)
4(578 610 611 579)
4(579 611 612 580)
4(580 612 613 581)
4(581 613 614 582)
4(582 614 615 583)
4(583 615 616 584)
4(584 616 617 585)
4(585 617 618 586)
4(586 618 619 587)
4(587 619 620 588)
4(588 620 621 589)
4(589 621 622 590)
4(590 622 623 591)
4(591 623 624 592)
4(592 624 625 593)
4(593 625 626 594)
4(594 626 627 595)
4(595 627 628 596)
4(596 628 629 597)
4(597 629 630 598)
4(598 630 631 599)
4(599 631 632 600)
4(600 632 633 601)
4(601 633 634 602)
4(602 634 635 603)
4(603 635 636 604)
4(604 636 637 605)
4(605 637 638 606)
4(606 638 639 607)
4(607 639 608 576)
4(608 640 641 609)
4(609 641 642 610)
4(610 642 643 611)
4(611 643 644 612)
4(612 644 645 613)
4(613 645 646 614)
4(614 646 647 615)
4(615 647 648 616)
4(616 648 649 617)
4(617 649 650 618)
4(618 650 651 619)
4(619 651 652 620)
4(620 652 653 621)
4(621 653 654 622)
4(622 654 655 623)
4(623 655 656 624)
4(624 656 657 625)
4(625 657 658 626)
4(626 658 659 627)
4(627 659 660 628)
4(628 660 661 629)
4(629 661 662 630)
4(630 662 663 631)
4(631 663 664 632)
4(632 664 665 633)
4(633 665 666 634)
4(634 666 667 635)
4(635 667 668 636)
4(636 668 669 637)
4(637 669 670 638)
4(638 670 671 639)
4(639 671 640 608)
)


// ************************************************************************* //
