/*--------------------------------*- C++ -*----------------------------------*\
| =========                 |                                                 |
| \\      /  F ield         | OpenFOAM: The Open Source CFD Toolbox           |
|  \\    /   O peration     | Version:  v2012                                 |
|   \\  /    A nd           | Website:  www.openfoam.com                      |
|    \\/     M anipulation  |                                                 |
\*---------------------------------------------------------------------------*/
FoamFile
{
    version     2.0;
    format      ascii;
    class       vectorField;
    location    "constant/beamone/polyMesh";
    object      points;
}
// * * * * * * * * * * * * * * * * * * * * * * * * * * * * * * * * * * * * * //


672
(
(8.11795075606e-19 0 -0.003656)
(7.96196660857e-19 -0.000713250217291 -0.00358575098515)
(7.50000854945e-19 -0.00139909062873 -0.00337770357086)
(6.74982936784e-19 -0.00203116477192 -0.00303985290258)
(5.74025802895e-19 -0.00258518239202 -0.00258518239202)
(4.51009179319e-19 -0.00303985290258 -0.00203116477192)
(3.10660525911e-19 -0.00337770357086 -0.00139909062873)
(1.58373362711e-19 -0.00358575098515 -0.000713250217291)
(4.97081120452e-35 -0.003656 -2.23865434884e-19)
(-1.58373362711e-19 -0.00358575098515 0.000713250217291)
(-3.10660525911e-19 -0.00337770357086 0.00139909062873)
(-4.51009179319e-19 -0.00303985290258 0.00203116477192)
(-5.74025802895e-19 -0.00258518239202 0.00258518239202)
(-6.74982936784e-19 -0.00203116477192 0.00303985290258)
(-7.50000854945e-19 -0.00139909062873 0.00337770357086)
(-7.96196660857e-19 -0.000713250217291 0.00358575098515)
(-8.11795075606e-19 -4.47730869768e-19 0.003656)
(-7.96196660857e-19 0.000713250217291 0.00358575098515)
(-7.50000854945e-19 0.00139909062873 0.00337770357086)
(-6.74982936784e-19 0.00203116477192 0.00303985290258)
(-5.74025802895e-19 0.00258518239202 0.00258518239202)
(-4.51009179319e-19 0.00303985290258 0.00203116477192)
(-3.10660525911e-19 0.00337770357086 0.00139909062873)
(-1.58373362711e-19 0.00358575098515 0.000713250217291)
(-1.49124336136e-34 0.003656 6.71596304652e-19)
(1.58373362711e-19 0.00358575098515 -0.000713250217291)
(3.10660525911e-19 0.00337770357086 -0.00139909062873)
(4.51009179319e-19 0.00303985290258 -0.00203116477192)
(5.74025802895e-19 0.00258518239202 -0.00258518239202)
(6.74982936784e-19 0.00203116477192 -0.00303985290258)
(7.50000854945e-19 0.00139909062873 -0.00337770357086)
(7.96196660857e-19 0.000713250217291 -0.00358575098515)
(0.048113 0 -0.003656)
(0.048113 -0.000713250217291 -0.00358575098515)
(0.048113 -0.00139909062873 -0.00337770357086)
(0.048113 -0.00203116477192 -0.00303985290258)
(0.048113 -0.00258518239202 -0.00258518239202)
(0.048113 -0.00303985290258 -0.00203116477192)
(0.048113 -0.00337770357086 -0.00139909062873)
(0.048113 -0.00358575098515 -0.000713250217291)
(0.048113 -0.003656 1.04593666419e-17)
(0.048113 -0.00358575098515 0.000713250217291)
(0.048113 -0.00337770357086 0.00139909062873)
(0.048113 -0.00303985290258 0.00203116477192)
(0.048113 -0.00258518239202 0.00258518239202)
(0.048113 -0.00203116477192 0.00303985290258)
(0.048113 -0.00139909062873 0.00337770357086)
(0.048113 -0.000713250217291 0.00358575098515)
(0.048113 -4.47730869768e-19 0.003656)
(0.048113 0.000713250217291 0.00358575098515)
(0.048113 0.00139909062873 0.00337770357086)
(0.048113 0.00203116477192 0.00303985290258)
(0.048113 0.00258518239202 0.00258518239202)
(0.048113 0.00303985290258 0.00203116477192)
(0.048113 0.00337770357086 0.00139909062873)
(0.048113 0.00358575098515 0.000713250217291)
(0.048113 0.003656 1.13548283814e-17)
(0.048113 0.00358575098515 -0.000713250217291)
(0.048113 0.00337770357086 -0.00139909062873)
(0.048113 0.00303985290258 -0.00203116477192)
(0.048113 0.00258518239202 -0.00258518239202)
(0.048113 0.00203116477192 -0.00303985290258)
(0.048113 0.00139909062873 -0.00337770357086)
(0.048113 0.000713250217291 -0.00358575098515)
(0.096226 0 -0.003656)
(0.096226 -0.000713250217291 -0.00358575098515)
(0.096226 -0.00139909062873 -0.00337770357086)
(0.096226 -0.00203116477192 -0.00303985290258)
(0.096226 -0.00258518239202 -0.00258518239202)
(0.096226 -0.00303985290258 -0.00203116477192)
(0.096226 -0.00337770357086 -0.00139909062873)
(0.096226 -0.00358575098515 -0.000713250217291)
(0.096226 -0.003656 2.11425987186e-17)
(0.096226 -0.00358575098515 0.000713250217291)
(0.096226 -0.00337770357086 0.00139909062873)
(0.096226 -0.00303985290258 0.00203116477192)
(0.096226 -0.00258518239202 0.00258518239202)
(0.096226 -0.00203116477192 0.00303985290258)
(0.096226 -0.00139909062873 0.00337770357086)
(0.096226 -0.000713250217291 0.00358575098515)
(0.096226 -4.47730869768e-19 0.003656)
(0.096226 0.000713250217291 0.00358575098515)
(0.096226 0.00139909062873 0.00337770357086)
(0.096226 0.00203116477192 0.00303985290258)
(0.096226 0.00258518239202 0.00258518239202)
(0.096226 0.00303985290258 0.00203116477192)
(0.096226 0.00337770357086 0.00139909062873)
(0.096226 0.00358575098515 0.000713250217291)
(0.096226 0.003656 2.20380604582e-17)
(0.096226 0.00358575098515 -0.000713250217291)
(0.096226 0.00337770357086 -0.00139909062873)
(0.096226 0.00303985290258 -0.00203116477192)
(0.096226 0.00258518239202 -0.00258518239202)
(0.096226 0.00203116477192 -0.00303985290258)
(0.096226 0.00139909062873 -0.00337770357086)
(0.096226 0.000713250217291 -0.00358575098515)
(0.144339 0 -0.003656)
(0.144339 -0.000713250217291 -0.00358575098515)
(0.144339 -0.00139909062873 -0.00337770357086)
(0.144339 -0.00203116477192 -0.00303985290258)
(0.144339 -0.00258518239202 -0.00258518239202)
(0.144339 -0.00303985290258 -0.00203116477192)
(0.144339 -0.00337770357086 -0.00139909062873)
(0.144339 -0.00358575098515 -0.000713250217291)
(0.144339 -0.003656 3.18258307954e-17)
(0.144339 -0.00358575098515 0.000713250217291)
(0.144339 -0.00337770357086 0.00139909062873)
(0.144339 -0.00303985290258 0.00203116477192)
(0.144339 -0.00258518239202 0.00258518239202)
(0.144339 -0.00203116477192 0.00303985290258)
(0.144339 -0.00139909062873 0.00337770357086)
(0.144339 -0.000713250217291 0.00358575098515)
(0.144339 -4.47730869768e-19 0.003656)
(0.144339 0.000713250217291 0.00358575098515)
(0.144339 0.00139909062873 0.00337770357086)
(0.144339 0.00203116477192 0.00303985290258)
(0.144339 0.00258518239202 0.00258518239202)
(0.144339 0.00303985290258 0.00203116477192)
(0.144339 0.00337770357086 0.00139909062873)
(0.144339 0.00358575098515 0.000713250217291)
(0.144339 0.003656 3.27212925349e-17)
(0.144339 0.00358575098515 -0.000713250217291)
(0.144339 0.00337770357086 -0.00139909062873)
(0.144339 0.00303985290258 -0.00203116477192)
(0.144339 0.00258518239202 -0.00258518239202)
(0.144339 0.00203116477192 -0.00303985290258)
(0.144339 0.00139909062873 -0.00337770357086)
(0.144339 0.000713250217291 -0.00358575098515)
(0.192452 0 -0.003656)
(0.192452 -0.000713250217291 -0.00358575098515)
(0.192452 -0.00139909062873 -0.00337770357086)
(0.192452 -0.00203116477192 -0.00303985290258)
(0.192452 -0.00258518239202 -0.00258518239202)
(0.192452 -0.00303985290258 -0.00203116477192)
(0.192452 -0.00337770357086 -0.00139909062873)
(0.192452 -0.00358575098515 -0.000713250217291)
(0.192452 -0.003656 4.25090628721e-17)
(0.192452 -0.00358575098515 0.000713250217291)
(0.192452 -0.00337770357086 0.00139909062873)
(0.192452 -0.00303985290258 0.00203116477192)
(0.192452 -0.00258518239202 0.00258518239202)
(0.192452 -0.00203116477192 0.00303985290258)
(0.192452 -0.00139909062873 0.00337770357086)
(0.192452 -0.000713250217291 0.00358575098515)
(0.192452 -4.47730869768e-19 0.003656)
(0.192452 0.000713250217291 0.00358575098515)
(0.192452 0.00139909062873 0.00337770357086)
(0.192452 0.00203116477192 0.00303985290258)
(0.192452 0.00258518239202 0.00258518239202)
(0.192452 0.00303985290258 0.00203116477192)
(0.192452 0.00337770357086 0.00139909062873)
(0.192452 0.00358575098515 0.000713250217291)
(0.192452 0.003656 4.34045246117e-17)
(0.192452 0.00358575098515 -0.000713250217291)
(0.192452 0.00337770357086 -0.00139909062873)
(0.192452 0.00303985290258 -0.00203116477192)
(0.192452 0.00258518239202 -0.00258518239202)
(0.192452 0.00203116477192 -0.00303985290258)
(0.192452 0.00139909062873 -0.00337770357086)
(0.192452 0.000713250217291 -0.00358575098515)
(0.240565 0 -0.003656)
(0.240565 -0.000713250217291 -0.00358575098515)
(0.240565 -0.00139909062873 -0.00337770357086)
(0.240565 -0.00203116477192 -0.00303985290258)
(0.240565 -0.00258518239202 -0.00258518239202)
(0.240565 -0.00303985290258 -0.00203116477192)
(0.240565 -0.00337770357086 -0.00139909062873)
(0.240565 -0.00358575098515 -0.000713250217291)
(0.240565 -0.003656 5.31922949489e-17)
(0.240565 -0.00358575098515 0.000713250217291)
(0.240565 -0.00337770357086 0.00139909062873)
(0.240565 -0.00303985290258 0.00203116477192)
(0.240565 -0.00258518239202 0.00258518239202)
(0.240565 -0.00203116477192 0.00303985290258)
(0.240565 -0.00139909062873 0.00337770357086)
(0.240565 -0.000713250217291 0.00358575098515)
(0.240565 -4.47730869768e-19 0.003656)
(0.240565 0.000713250217291 0.00358575098515)
(0.240565 0.00139909062873 0.00337770357086)
(0.240565 0.00203116477192 0.00303985290258)
(0.240565 0.00258518239202 0.00258518239202)
(0.240565 0.00303985290258 0.00203116477192)
(0.240565 0.00337770357086 0.00139909062873)
(0.240565 0.00358575098515 0.000713250217291)
(0.240565 0.003656 5.40877566884e-17)
(0.240565 0.00358575098515 -0.000713250217291)
(0.240565 0.00337770357086 -0.00139909062873)
(0.240565 0.00303985290258 -0.00203116477192)
(0.240565 0.00258518239202 -0.00258518239202)
(0.240565 0.00203116477192 -0.00303985290258)
(0.240565 0.00139909062873 -0.00337770357086)
(0.240565 0.000713250217291 -0.00358575098515)
(0.288678 0 -0.003656)
(0.288678 -0.000713250217291 -0.00358575098515)
(0.288678 -0.00139909062873 -0.00337770357086)
(0.288678 -0.00203116477192 -0.00303985290258)
(0.288678 -0.00258518239202 -0.00258518239202)
(0.288678 -0.00303985290258 -0.00203116477192)
(0.288678 -0.00337770357086 -0.00139909062873)
(0.288678 -0.00358575098515 -0.000713250217291)
(0.288678 -0.003656 6.38755270257e-17)
(0.288678 -0.00358575098515 0.000713250217291)
(0.288678 -0.00337770357086 0.00139909062873)
(0.288678 -0.00303985290258 0.00203116477192)
(0.288678 -0.00258518239202 0.00258518239202)
(0.288678 -0.00203116477192 0.00303985290258)
(0.288678 -0.00139909062873 0.00337770357086)
(0.288678 -0.000713250217291 0.00358575098515)
(0.288678 -4.47730869768e-19 0.003656)
(0.288678 0.000713250217291 0.00358575098515)
(0.288678 0.00139909062873 0.00337770357086)
(0.288678 0.00203116477192 0.00303985290258)
(0.288678 0.00258518239202 0.00258518239202)
(0.288678 0.00303985290258 0.00203116477192)
(0.288678 0.00337770357086 0.00139909062873)
(0.288678 0.00358575098515 0.000713250217291)
(0.288678 0.003656 6.47709887652e-17)
(0.288678 0.00358575098515 -0.000713250217291)
(0.288678 0.00337770357086 -0.00139909062873)
(0.288678 0.00303985290258 -0.00203116477192)
(0.288678 0.00258518239202 -0.00258518239202)
(0.288678 0.00203116477192 -0.00303985290258)
(0.288678 0.00139909062873 -0.00337770357086)
(0.288678 0.000713250217291 -0.00358575098515)
(0.336791 0 -0.003656)
(0.336791 -0.000713250217291 -0.00358575098515)
(0.336791 -0.00139909062873 -0.00337770357086)
(0.336791 -0.00203116477192 -0.00303985290258)
(0.336791 -0.00258518239202 -0.00258518239202)
(0.336791 -0.00303985290258 -0.00203116477192)
(0.336791 -0.00337770357086 -0.00139909062873)
(0.336791 -0.00358575098515 -0.000713250217291)
(0.336791 -0.003656 7.45587591024e-17)
(0.336791 -0.00358575098515 0.000713250217291)
(0.336791 -0.00337770357086 0.00139909062873)
(0.336791 -0.00303985290258 0.00203116477192)
(0.336791 -0.00258518239202 0.00258518239202)
(0.336791 -0.00203116477192 0.00303985290258)
(0.336791 -0.00139909062873 0.00337770357086)
(0.336791 -0.000713250217291 0.00358575098515)
(0.336791 -4.47730869768e-19 0.003656)
(0.336791 0.000713250217291 0.00358575098515)
(0.336791 0.00139909062873 0.00337770357086)
(0.336791 0.00203116477192 0.00303985290258)
(0.336791 0.00258518239202 0.00258518239202)
(0.336791 0.00303985290258 0.00203116477192)
(0.336791 0.00337770357086 0.00139909062873)
(0.336791 0.00358575098515 0.000713250217291)
(0.336791 0.003656 7.5454220842e-17)
(0.336791 0.00358575098515 -0.000713250217291)
(0.336791 0.00337770357086 -0.00139909062873)
(0.336791 0.00303985290258 -0.00203116477192)
(0.336791 0.00258518239202 -0.00258518239202)
(0.336791 0.00203116477192 -0.00303985290258)
(0.336791 0.00139909062873 -0.00337770357086)
(0.336791 0.000713250217291 -0.00358575098515)
(0.384904 0 -0.003656)
(0.384904 -0.000713250217291 -0.00358575098515)
(0.384904 -0.00139909062873 -0.00337770357086)
(0.384904 -0.00203116477192 -0.00303985290258)
(0.384904 -0.00258518239202 -0.00258518239202)
(0.384904 -0.00303985290258 -0.00203116477192)
(0.384904 -0.00337770357086 -0.00139909062873)
(0.384904 -0.00358575098515 -0.000713250217291)
(0.384904 -0.003656 8.52419911792e-17)
(0.384904 -0.00358575098515 0.000713250217291)
(0.384904 -0.00337770357086 0.00139909062873)
(0.384904 -0.00303985290258 0.00203116477192)
(0.384904 -0.00258518239202 0.00258518239202)
(0.384904 -0.00203116477192 0.00303985290258)
(0.384904 -0.00139909062873 0.00337770357086)
(0.384904 -0.000713250217291 0.00358575098515)
(0.384904 -4.47730869768e-19 0.003656)
(0.384904 0.000713250217291 0.00358575098515)
(0.384904 0.00139909062873 0.00337770357086)
(0.384904 0.00203116477192 0.00303985290258)
(0.384904 0.00258518239202 0.00258518239202)
(0.384904 0.00303985290258 0.00203116477192)
(0.384904 0.00337770357086 0.00139909062873)
(0.384904 0.00358575098515 0.000713250217291)
(0.384904 0.003656 8.61374529187e-17)
(0.384904 0.00358575098515 -0.000713250217291)
(0.384904 0.00337770357086 -0.00139909062873)
(0.384904 0.00303985290258 -0.00203116477192)
(0.384904 0.00258518239202 -0.00258518239202)
(0.384904 0.00203116477192 -0.00303985290258)
(0.384904 0.00139909062873 -0.00337770357086)
(0.384904 0.000713250217291 -0.00358575098515)
(0.433017 0 -0.003656)
(0.433017 -0.000713250217291 -0.00358575098515)
(0.433017 -0.00139909062873 -0.00337770357086)
(0.433017 -0.00203116477192 -0.00303985290258)
(0.433017 -0.00258518239202 -0.00258518239202)
(0.433017 -0.00303985290258 -0.00203116477192)
(0.433017 -0.00337770357086 -0.00139909062873)
(0.433017 -0.00358575098515 -0.000713250217291)
(0.433017 -0.003656 9.59252232559e-17)
(0.433017 -0.00358575098515 0.000713250217291)
(0.433017 -0.00337770357086 0.00139909062873)
(0.433017 -0.00303985290258 0.00203116477192)
(0.433017 -0.00258518239202 0.00258518239202)
(0.433017 -0.00203116477192 0.00303985290258)
(0.433017 -0.00139909062873 0.00337770357086)
(0.433017 -0.000713250217291 0.00358575098515)
(0.433017 -4.47730869768e-19 0.003656)
(0.433017 0.000713250217291 0.00358575098515)
(0.433017 0.00139909062873 0.00337770357086)
(0.433017 0.00203116477192 0.00303985290258)
(0.433017 0.00258518239202 0.00258518239202)
(0.433017 0.00303985290258 0.00203116477192)
(0.433017 0.00337770357086 0.00139909062873)
(0.433017 0.00358575098515 0.000713250217291)
(0.433017 0.003656 9.68206849955e-17)
(0.433017 0.00358575098515 -0.000713250217291)
(0.433017 0.00337770357086 -0.00139909062873)
(0.433017 0.00303985290258 -0.00203116477192)
(0.433017 0.00258518239202 -0.00258518239202)
(0.433017 0.00203116477192 -0.00303985290258)
(0.433017 0.00139909062873 -0.00337770357086)
(0.433017 0.000713250217291 -0.00358575098515)
(0.48113 0 -0.003656)
(0.48113 -0.000713250217291 -0.00358575098515)
(0.48113 -0.00139909062873 -0.00337770357086)
(0.48113 -0.00203116477192 -0.00303985290258)
(0.48113 -0.00258518239202 -0.00258518239202)
(0.48113 -0.00303985290258 -0.00203116477192)
(0.48113 -0.00337770357086 -0.00139909062873)
(0.48113 -0.00358575098515 -0.000713250217291)
(0.48113 -0.003656 1.06608455333e-16)
(0.48113 -0.00358575098515 0.000713250217291)
(0.48113 -0.00337770357086 0.00139909062873)
(0.48113 -0.00303985290258 0.00203116477192)
(0.48113 -0.00258518239202 0.00258518239202)
(0.48113 -0.00203116477192 0.00303985290258)
(0.48113 -0.00139909062873 0.00337770357086)
(0.48113 -0.000713250217291 0.00358575098515)
(0.48113 -4.47730869768e-19 0.003656)
(0.48113 0.000713250217291 0.00358575098515)
(0.48113 0.00139909062873 0.00337770357086)
(0.48113 0.00203116477192 0.00303985290258)
(0.48113 0.00258518239202 0.00258518239202)
(0.48113 0.00303985290258 0.00203116477192)
(0.48113 0.00337770357086 0.00139909062873)
(0.48113 0.00358575098515 0.000713250217291)
(0.48113 0.003656 1.07503917072e-16)
(0.48113 0.00358575098515 -0.000713250217291)
(0.48113 0.00337770357086 -0.00139909062873)
(0.48113 0.00303985290258 -0.00203116477192)
(0.48113 0.00258518239202 -0.00258518239202)
(0.48113 0.00203116477192 -0.00303985290258)
(0.48113 0.00139909062873 -0.00337770357086)
(0.48113 0.000713250217291 -0.00358575098515)
(0.529243 0 -0.003656)
(0.529243 -0.000713250217291 -0.00358575098515)
(0.529243 -0.00139909062873 -0.00337770357086)
(0.529243 -0.00203116477192 -0.00303985290258)
(0.529243 -0.00258518239202 -0.00258518239202)
(0.529243 -0.00303985290258 -0.00203116477192)
(0.529243 -0.00337770357086 -0.00139909062873)
(0.529243 -0.00358575098515 -0.000713250217291)
(0.529243 -0.003656 1.17291687409e-16)
(0.529243 -0.00358575098515 0.000713250217291)
(0.529243 -0.00337770357086 0.00139909062873)
(0.529243 -0.00303985290258 0.00203116477192)
(0.529243 -0.00258518239202 0.00258518239202)
(0.529243 -0.00203116477192 0.00303985290258)
(0.529243 -0.00139909062873 0.00337770357086)
(0.529243 -0.000713250217291 0.00358575098515)
(0.529243 -4.47730869768e-19 0.003656)
(0.529243 0.000713250217291 0.00358575098515)
(0.529243 0.00139909062873 0.00337770357086)
(0.529243 0.00203116477192 0.00303985290258)
(0.529243 0.00258518239202 0.00258518239202)
(0.529243 0.00303985290258 0.00203116477192)
(0.529243 0.00337770357086 0.00139909062873)
(0.529243 0.00358575098515 0.000713250217291)
(0.529243 0.003656 1.18187149149e-16)
(0.529243 0.00358575098515 -0.000713250217291)
(0.529243 0.00337770357086 -0.00139909062873)
(0.529243 0.00303985290258 -0.00203116477192)
(0.529243 0.00258518239202 -0.00258518239202)
(0.529243 0.00203116477192 -0.00303985290258)
(0.529243 0.00139909062873 -0.00337770357086)
(0.529243 0.000713250217291 -0.00358575098515)
(0.577356 0 -0.003656)
(0.577356 -0.000713250217291 -0.00358575098515)
(0.577356 -0.00139909062873 -0.00337770357086)
(0.577356 -0.00203116477192 -0.00303985290258)
(0.577356 -0.00258518239202 -0.00258518239202)
(0.577356 -0.00303985290258 -0.00203116477192)
(0.577356 -0.00337770357086 -0.00139909062873)
(0.577356 -0.00358575098515 -0.000713250217291)
(0.577356 -0.003656 1.27974919486e-16)
(0.577356 -0.00358575098515 0.000713250217291)
(0.577356 -0.00337770357086 0.00139909062873)
(0.577356 -0.00303985290258 0.00203116477192)
(0.577356 -0.00258518239202 0.00258518239202)
(0.577356 -0.00203116477192 0.00303985290258)
(0.577356 -0.00139909062873 0.00337770357086)
(0.577356 -0.000713250217291 0.00358575098515)
(0.577356 -4.47730869768e-19 0.003656)
(0.577356 0.000713250217291 0.00358575098515)
(0.577356 0.00139909062873 0.00337770357086)
(0.577356 0.00203116477192 0.00303985290258)
(0.577356 0.00258518239202 0.00258518239202)
(0.577356 0.00303985290258 0.00203116477192)
(0.577356 0.00337770357086 0.00139909062873)
(0.577356 0.00358575098515 0.000713250217291)
(0.577356 0.003656 1.28870381226e-16)
(0.577356 0.00358575098515 -0.000713250217291)
(0.577356 0.00337770357086 -0.00139909062873)
(0.577356 0.00303985290258 -0.00203116477192)
(0.577356 0.00258518239202 -0.00258518239202)
(0.577356 0.00203116477192 -0.00303985290258)
(0.577356 0.00139909062873 -0.00337770357086)
(0.577356 0.000713250217291 -0.00358575098515)
(0.625469 0 -0.003656)
(0.625469 -0.000713250217291 -0.00358575098515)
(0.625469 -0.00139909062873 -0.00337770357086)
(0.625469 -0.00203116477192 -0.00303985290258)
(0.625469 -0.00258518239202 -0.00258518239202)
(0.625469 -0.00303985290258 -0.00203116477192)
(0.625469 -0.00337770357086 -0.00139909062873)
(0.625469 -0.00358575098515 -0.000713250217291)
(0.625469 -0.003656 1.38658151563e-16)
(0.625469 -0.00358575098515 0.000713250217291)
(0.625469 -0.00337770357086 0.00139909062873)
(0.625469 -0.00303985290258 0.00203116477192)
(0.625469 -0.00258518239202 0.00258518239202)
(0.625469 -0.00203116477192 0.00303985290258)
(0.625469 -0.00139909062873 0.00337770357086)
(0.625469 -0.000713250217291 0.00358575098515)
(0.625469 -4.47730869768e-19 0.003656)
(0.625469 0.000713250217291 0.00358575098515)
(0.625469 0.00139909062873 0.00337770357086)
(0.625469 0.00203116477192 0.00303985290258)
(0.625469 0.00258518239202 0.00258518239202)
(0.625469 0.00303985290258 0.00203116477192)
(0.625469 0.00337770357086 0.00139909062873)
(0.625469 0.00358575098515 0.000713250217291)
(0.625469 0.003656 1.39553613303e-16)
(0.625469 0.00358575098515 -0.000713250217291)
(0.625469 0.00337770357086 -0.00139909062873)
(0.625469 0.00303985290258 -0.00203116477192)
(0.625469 0.00258518239202 -0.00258518239202)
(0.625469 0.00203116477192 -0.00303985290258)
(0.625469 0.00139909062873 -0.00337770357086)
(0.625469 0.000713250217291 -0.00358575098515)
(0.673582 0 -0.003656)
(0.673582 -0.000713250217291 -0.00358575098515)
(0.673582 -0.00139909062873 -0.00337770357086)
(0.673582 -0.00203116477192 -0.00303985290258)
(0.673582 -0.00258518239202 -0.00258518239202)
(0.673582 -0.00303985290258 -0.00203116477192)
(0.673582 -0.00337770357086 -0.00139909062873)
(0.673582 -0.00358575098515 -0.000713250217291)
(0.673582 -0.003656 1.4934138364e-16)
(0.673582 -0.00358575098515 0.000713250217291)
(0.673582 -0.00337770357086 0.00139909062873)
(0.673582 -0.00303985290258 0.00203116477192)
(0.673582 -0.00258518239202 0.00258518239202)
(0.673582 -0.00203116477192 0.00303985290258)
(0.673582 -0.00139909062873 0.00337770357086)
(0.673582 -0.000713250217291 0.00358575098515)
(0.673582 -4.47730869768e-19 0.003656)
(0.673582 0.000713250217291 0.00358575098515)
(0.673582 0.00139909062873 0.00337770357086)
(0.673582 0.00203116477192 0.00303985290258)
(0.673582 0.00258518239202 0.00258518239202)
(0.673582 0.00303985290258 0.00203116477192)
(0.673582 0.00337770357086 0.00139909062873)
(0.673582 0.00358575098515 0.000713250217291)
(0.673582 0.003656 1.50236845379e-16)
(0.673582 0.00358575098515 -0.000713250217291)
(0.673582 0.00337770357086 -0.00139909062873)
(0.673582 0.00303985290258 -0.00203116477192)
(0.673582 0.00258518239202 -0.00258518239202)
(0.673582 0.00203116477192 -0.00303985290258)
(0.673582 0.00139909062873 -0.00337770357086)
(0.673582 0.000713250217291 -0.00358575098515)
(0.721695 0 -0.003656)
(0.721695 -0.000713250217291 -0.00358575098515)
(0.721695 -0.00139909062873 -0.00337770357086)
(0.721695 -0.00203116477192 -0.00303985290258)
(0.721695 -0.00258518239202 -0.00258518239202)
(0.721695 -0.00303985290258 -0.00203116477192)
(0.721695 -0.00337770357086 -0.00139909062873)
(0.721695 -0.00358575098515 -0.000713250217291)
(0.721695 -0.003656 1.60024615716e-16)
(0.721695 -0.00358575098515 0.000713250217291)
(0.721695 -0.00337770357086 0.00139909062873)
(0.721695 -0.00303985290258 0.00203116477192)
(0.721695 -0.00258518239202 0.00258518239202)
(0.721695 -0.00203116477192 0.00303985290258)
(0.721695 -0.00139909062873 0.00337770357086)
(0.721695 -0.000713250217291 0.00358575098515)
(0.721695 -4.47730869768e-19 0.003656)
(0.721695 0.000713250217291 0.00358575098515)
(0.721695 0.00139909062873 0.00337770357086)
(0.721695 0.00203116477192 0.00303985290258)
(0.721695 0.00258518239202 0.00258518239202)
(0.721695 0.00303985290258 0.00203116477192)
(0.721695 0.00337770357086 0.00139909062873)
(0.721695 0.00358575098515 0.000713250217291)
(0.721695 0.003656 1.60920077456e-16)
(0.721695 0.00358575098515 -0.000713250217291)
(0.721695 0.00337770357086 -0.00139909062873)
(0.721695 0.00303985290258 -0.00203116477192)
(0.721695 0.00258518239202 -0.00258518239202)
(0.721695 0.00203116477192 -0.00303985290258)
(0.721695 0.00139909062873 -0.00337770357086)
(0.721695 0.000713250217291 -0.00358575098515)
(0.769808 0 -0.003656)
(0.769808 -0.000713250217291 -0.00358575098515)
(0.769808 -0.00139909062873 -0.00337770357086)
(0.769808 -0.00203116477192 -0.00303985290258)
(0.769808 -0.00258518239202 -0.00258518239202)
(0.769808 -0.00303985290258 -0.00203116477192)
(0.769808 -0.00337770357086 -0.00139909062873)
(0.769808 -0.00358575098515 -0.000713250217291)
(0.769808 -0.003656 1.70707847793e-16)
(0.769808 -0.00358575098515 0.000713250217291)
(0.769808 -0.00337770357086 0.00139909062873)
(0.769808 -0.00303985290258 0.00203116477192)
(0.769808 -0.00258518239202 0.00258518239202)
(0.769808 -0.00203116477192 0.00303985290258)
(0.769808 -0.00139909062873 0.00337770357086)
(0.769808 -0.000713250217291 0.00358575098515)
(0.769808 -4.47730869768e-19 0.003656)
(0.769808 0.000713250217291 0.00358575098515)
(0.769808 0.00139909062873 0.00337770357086)
(0.769808 0.00203116477192 0.00303985290258)
(0.769808 0.00258518239202 0.00258518239202)
(0.769808 0.00303985290258 0.00203116477192)
(0.769808 0.00337770357086 0.00139909062873)
(0.769808 0.00358575098515 0.000713250217291)
(0.769808 0.003656 1.71603309533e-16)
(0.769808 0.00358575098515 -0.000713250217291)
(0.769808 0.00337770357086 -0.00139909062873)
(0.769808 0.00303985290258 -0.00203116477192)
(0.769808 0.00258518239202 -0.00258518239202)
(0.769808 0.00203116477192 -0.00303985290258)
(0.769808 0.00139909062873 -0.00337770357086)
(0.769808 0.000713250217291 -0.00358575098515)
(0.817921 0 -0.003656)
(0.817921 -0.000713250217291 -0.00358575098515)
(0.817921 -0.00139909062873 -0.00337770357086)
(0.817921 -0.00203116477192 -0.00303985290258)
(0.817921 -0.00258518239202 -0.00258518239202)
(0.817921 -0.00303985290258 -0.00203116477192)
(0.817921 -0.00337770357086 -0.00139909062873)
(0.817921 -0.00358575098515 -0.000713250217291)
(0.817921 -0.003656 1.8139107987e-16)
(0.817921 -0.00358575098515 0.000713250217291)
(0.817921 -0.00337770357086 0.00139909062873)
(0.817921 -0.00303985290258 0.00203116477192)
(0.817921 -0.00258518239202 0.00258518239202)
(0.817921 -0.00203116477192 0.00303985290258)
(0.817921 -0.00139909062873 0.00337770357086)
(0.817921 -0.000713250217291 0.00358575098515)
(0.817921 -4.47730869768e-19 0.003656)
(0.817921 0.000713250217291 0.00358575098515)
(0.817921 0.00139909062873 0.00337770357086)
(0.817921 0.00203116477192 0.00303985290258)
(0.817921 0.00258518239202 0.00258518239202)
(0.817921 0.00303985290258 0.00203116477192)
(0.817921 0.00337770357086 0.00139909062873)
(0.817921 0.00358575098515 0.000713250217291)
(0.817921 0.003656 1.8228654161e-16)
(0.817921 0.00358575098515 -0.000713250217291)
(0.817921 0.00337770357086 -0.00139909062873)
(0.817921 0.00303985290258 -0.00203116477192)
(0.817921 0.00258518239202 -0.00258518239202)
(0.817921 0.00203116477192 -0.00303985290258)
(0.817921 0.00139909062873 -0.00337770357086)
(0.817921 0.000713250217291 -0.00358575098515)
(0.866034 0 -0.003656)
(0.866034 -0.000713250217291 -0.00358575098515)
(0.866034 -0.00139909062873 -0.00337770357086)
(0.866034 -0.00203116477192 -0.00303985290258)
(0.866034 -0.00258518239202 -0.00258518239202)
(0.866034 -0.00303985290258 -0.00203116477192)
(0.866034 -0.00337770357086 -0.00139909062873)
(0.866034 -0.00358575098515 -0.000713250217291)
(0.866034 -0.003656 1.92074311947e-16)
(0.866034 -0.00358575098515 0.000713250217291)
(0.866034 -0.00337770357086 0.00139909062873)
(0.866034 -0.00303985290258 0.00203116477192)
(0.866034 -0.00258518239202 0.00258518239202)
(0.866034 -0.00203116477192 0.00303985290258)
(0.866034 -0.00139909062873 0.00337770357086)
(0.866034 -0.000713250217291 0.00358575098515)
(0.866034 -4.47730869768e-19 0.003656)
(0.866034 0.000713250217291 0.00358575098515)
(0.866034 0.00139909062873 0.00337770357086)
(0.866034 0.00203116477192 0.00303985290258)
(0.866034 0.00258518239202 0.00258518239202)
(0.866034 0.00303985290258 0.00203116477192)
(0.866034 0.00337770357086 0.00139909062873)
(0.866034 0.00358575098515 0.000713250217291)
(0.866034 0.003656 1.92969773686e-16)
(0.866034 0.00358575098515 -0.000713250217291)
(0.866034 0.00337770357086 -0.00139909062873)
(0.866034 0.00303985290258 -0.00203116477192)
(0.866034 0.00258518239202 -0.00258518239202)
(0.866034 0.00203116477192 -0.00303985290258)
(0.866034 0.00139909062873 -0.00337770357086)
(0.866034 0.000713250217291 -0.00358575098515)
(0.914147 0 -0.003656)
(0.914147 -0.000713250217291 -0.00358575098515)
(0.914147 -0.00139909062873 -0.00337770357086)
(0.914147 -0.00203116477192 -0.00303985290258)
(0.914147 -0.00258518239202 -0.00258518239202)
(0.914147 -0.00303985290258 -0.00203116477192)
(0.914147 -0.00337770357086 -0.00139909062873)
(0.914147 -0.00358575098515 -0.000713250217291)
(0.914147 -0.003656 2.02757544024e-16)
(0.914147 -0.00358575098515 0.000713250217291)
(0.914147 -0.00337770357086 0.00139909062873)
(0.914147 -0.00303985290258 0.00203116477192)
(0.914147 -0.00258518239202 0.00258518239202)
(0.914147 -0.00203116477192 0.00303985290258)
(0.914147 -0.00139909062873 0.00337770357086)
(0.914147 -0.000713250217291 0.00358575098515)
(0.914147 -4.47730869768e-19 0.003656)
(0.914147 0.000713250217291 0.00358575098515)
(0.914147 0.00139909062873 0.00337770357086)
(0.914147 0.00203116477192 0.00303985290258)
(0.914147 0.00258518239202 0.00258518239202)
(0.914147 0.00303985290258 0.00203116477192)
(0.914147 0.00337770357086 0.00139909062873)
(0.914147 0.00358575098515 0.000713250217291)
(0.914147 0.003656 2.03653005763e-16)
(0.914147 0.00358575098515 -0.000713250217291)
(0.914147 0.00337770357086 -0.00139909062873)
(0.914147 0.00303985290258 -0.00203116477192)
(0.914147 0.00258518239202 -0.00258518239202)
(0.914147 0.00203116477192 -0.00303985290258)
(0.914147 0.00139909062873 -0.00337770357086)
(0.914147 0.000713250217291 -0.00358575098515)
(0.96226 0 -0.003656)
(0.96226 -0.000713250217291 -0.00358575098515)
(0.96226 -0.00139909062873 -0.00337770357086)
(0.96226 -0.00203116477192 -0.00303985290258)
(0.96226 -0.00258518239202 -0.00258518239202)
(0.96226 -0.00303985290258 -0.00203116477192)
(0.96226 -0.00337770357086 -0.00139909062873)
(0.96226 -0.00358575098515 -0.000713250217291)
(0.96226 -0.003656 2.134407761e-16)
(0.96226 -0.00358575098515 0.000713250217291)
(0.96226 -0.00337770357086 0.00139909062873)
(0.96226 -0.00303985290258 0.00203116477192)
(0.96226 -0.00258518239202 0.00258518239202)
(0.96226 -0.00203116477192 0.00303985290258)
(0.96226 -0.00139909062873 0.00337770357086)
(0.96226 -0.000713250217291 0.00358575098515)
(0.96226 -4.47730869768e-19 0.003656)
(0.96226 0.000713250217291 0.00358575098515)
(0.96226 0.00139909062873 0.00337770357086)
(0.96226 0.00203116477192 0.00303985290258)
(0.96226 0.00258518239202 0.00258518239202)
(0.96226 0.00303985290258 0.00203116477192)
(0.96226 0.00337770357086 0.00139909062873)
(0.96226 0.00358575098515 0.000713250217291)
(0.96226 0.003656 2.1433623784e-16)
(0.96226 0.00358575098515 -0.000713250217291)
(0.96226 0.00337770357086 -0.00139909062873)
(0.96226 0.00303985290258 -0.00203116477192)
(0.96226 0.00258518239202 -0.00258518239202)
(0.96226 0.00203116477192 -0.00303985290258)
(0.96226 0.00139909062873 -0.00337770357086)
(0.96226 0.000713250217291 -0.00358575098515)
)


// ************************************************************************* //
